100
53.81 11.14 -13.77 24.00 97.80 28.12 40.71 79.66 -55.79 31.88 -44.03 43.76 -41.38 67.81 -73.56 98.36 -3.71 -61.92 -46.91 -59.13 43.96 -1.78 -78.08 57.56 71.93 0.82 31.66 17.34 -40.25 -33.26 -2.80 51.46 8.49 -66.68 27.14 8.76 82.91 -2.32 -67.58 -63.00 -67.79 -50.11 93.31 -16.81 20.14 32.41 69.23 75.02 -46.13 -15.49 50.41 68.37 -38.83 53.86 -7.34 53.47 -13.60 95.57 29.20 8.51 -55.25 -77.94 -31.29 -15.11 14.51 -32.14 34.56 32.86 -52.99 27.07 -8.83 -72.68 -62.88 3.86 -98.88 -97.84 86.90 60.07 -65.82 52.87 -5.81 23.32 -3.44 -15.96 -51.98 95.21 -93.57 54.84 68.89 -8.29 -17.47 -60.07 92.97 56.51 -41.71 15.38 -33.14 -89.28 26.08 18.31 
94.40 52.36 -70.76 -52.64 -62.28 -94.43 -64.13 -33.40 -9.11 -36.49 -48.24 74.75 -92.04 -80.87 -68.13 51.59 67.77 -60.50 92.63 80.53 -69.28 0.35 -19.55 -33.69 96.43 21.71 -91.96 18.44 26.29 20.95 18.30 -88.96 -6.47 -59.94 49.64 -65.16 -98.39 -31.89 -16.33 19.77 -47.07 91.73 -25.05 -64.03 34.98 66.12 51.99 36.94 93.94 45.04 -26.00 -31.88 -91.01 11.19 19.04 -78.32 71.66 -48.90 47.02 61.71 -66.99 -33.73 93.31 19.01 -55.21 29.82 9.45 32.49 -6.32 -72.15 -87.18 73.62 61.42 -39.94 -58.46 -41.69 -49.86 58.19 28.14 99.52 -14.89 54.55 82.44 -59.95 -87.79 49.97 -22.67 -40.28 58.57 -32.02 -30.68 -33.17 38.37 -55.30 83.06 -25.59 -63.18 -62.40 -94.00 42.15 
99.69 -92.36 80.47 -32.06 27.01 -92.46 97.36 -19.06 21.93 74.23 -59.39 37.85 0.21 21.78 65.90 -21.39 35.27 13.98 15.73 67.13 -76.46 67.78 -79.91 29.11 16.24 -68.63 65.53 -57.08 82.38 26.25 -55.69 -59.98 -46.77 -82.80 -46.44 -90.76 -78.18 -98.85 53.00 -98.69 19.90 -56.09 -69.51 -15.73 -6.68 26.33 85.48 -43.93 -74.90 -6.45 28.24 11.98 84.01 -70.31 -59.88 44.80 -21.35 -57.27 59.38 28.98 -21.07 87.19 -61.18 52.13 -38.79 56.17 -83.21 -39.84 -20.52 -0.44 28.45 4.76 48.64 -1.67 -0.09 -59.54 -0.53 40.20 51.87 -74.63 62.32 -24.62 -24.37 -71.02 -76.69 28.63 71.22 12.91 93.84 -72.91 -14.18 26.71 36.00 16.81 30.68 -11.57 -17.84 65.89 -48.30 2.70 
12.97 82.55 -97.34 75.02 -22.49 -80.02 -22.14 14.94 25.09 -97.50 62.72 -18.35 41.97 1.88 -41.69 -71.50 -9.10 98.33 81.56 61.74 -50.58 8.18 -26.24 60.48 -77.83 -21.46 -80.73 46.99 47.81 83.08 -85.25 -3.08 63.20 11.27 94.35 4.88 -7.73 -86.55 -60.47 -14.54 16.22 77.26 -78.04 76.99 -34.43 95.69 68.71 5.07 82.81 -90.20 -84.49 -64.83 24.04 -16.69 -94.61 99.29 -87.42 -68.06 -65.44 -92.05 47.33 62.38 46.82 5.16 30.86 70.40 31.06 -72.23 9.74 -84.56 -39.96 25.85 -80.17 -67.51 -60.01 76.79 -79.28 17.30 -75.56 40.12 82.00 -43.63 -40.06 -47.72 -70.05 86.88 -72.66 28.45 79.28 27.69 96.23 -64.93 7.22 -41.25 12.83 98.56 66.71 -12.07 -31.74 6.63 
-25.78 30.13 39.82 35.15 80.07 88.24 -62.21 -27.91 -69.31 -57.16 -82.04 60.58 49.93 -48.89 -88.58 -34.49 -83.45 45.63 -91.47 -45.45 13.60 49.02 39.38 -15.15 22.12 79.66 -0.53 38.43 96.97 -14.26 -63.37 -26.12 61.88 -7.88 -70.85 67.18 20.16 45.16 71.32 -18.14 24.25 99.21 -69.34 0.23 87.95 56.78 -77.12 44.21 28.21 -75.35 86.51 -15.67 79.58 20.15 85.98 91.72 -68.42 79.22 -57.40 29.52 -30.63 -7.87 77.37 -72.36 -11.59 44.68 -24.29 -54.11 -49.36 19.14 -23.16 -88.14 70.07 58.24 94.62 -26.21 -33.16 23.56 -40.67 7.69 -46.93 -40.83 -29.48 68.31 -32.85 55.74 -95.21 -41.31 59.06 -70.44 -76.12 -29.06 21.62 -68.86 74.16 -10.51 98.70 -8.04 -98.95 64.16 
-95.15 78.70 91.43 -40.54 -52.55 31.57 -46.93 -21.14 38.48 -68.33 3.89 34.74 64.00 -96.02 -84.19 37.78 -81.85 75.52 83.55 -45.43 92.34 -66.23 -14.97 -84.22 -40.08 -72.37 18.93 4.59 -29.09 -84.59 98.67 -5.07 -32.09 -61.78 72.91 -65.96 -2.18 -69.74 -1.28 28.57 46.96 34.51 52.97 1.96 -39.87 94.53 -79.66 31.51 16.12 73.02 48.40 -60.90 89.17 20.88 -89.77 60.32 -26.73 -16.18 -74.02 -1.15 -38.05 88.11 3.92 -68.98 48.32 -85.87 -53.47 99.19 39.31 -9.32 -34.55 38.56 -23.87 3.96 -75.86 56.35 88.66 18.44 -56.56 -99.77 -15.47 -55.33 -39.35 -85.76 -47.14 -4.80 -71.44 -72.87 -11.56 -40.83 32.81 41.45 -19.75 92.30 18.62 -80.72 -3.44 -47.88 -87.09 -68.32 
44.17 40.37 -45.88 10.37 -89.12 64.71 71.09 -94.33 -56.65 63.29 -88.77 -14.54 45.34 11.11 82.82 -65.06 -80.11 -95.89 -3.37 77.12 -30.30 -84.05 78.38 5.79 60.70 2.16 -84.18 94.26 -56.99 43.31 63.35 19.13 -43.59 95.79 43.83 54.03 -39.23 -15.16 32.01 12.38 -77.69 -76.99 14.46 -21.48 31.52 32.05 -53.97 28.25 -76.41 -95.80 -30.79 -21.36 54.49 -72.19 41.85 81.61 -31.22 90.55 -72.51 -17.08 18.80 0.68 52.06 45.78 -1.38 40.93 76.60 -23.74 1.74 -8.68 -74.84 -19.66 31.30 -45.84 -90.96 28.58 -27.53 96.41 -71.76 38.48 56.83 25.04 -5.37 -26.76 1.02 -95.18 23.58 87.06 8.06 -8.05 57.64 -72.56 51.15 -84.79 81.28 -99.98 -54.84 -0.29 4.45 13.14 
98.96 53.11 -81.16 -26.26 76.91 -62.86 -37.57 -78.11 -45.74 97.80 -98.60 10.77 50.00 24.44 -74.35 56.02 -7.64 -69.92 93.32 -87.34 74.04 -42.39 -65.17 -43.88 38.33 5.49 -90.63 -54.02 -55.92 86.05 -27.34 -80.91 -45.81 -73.98 5.84 -96.57 83.43 -98.78 69.81 87.73 -40.06 -67.69 -63.82 21.06 56.90 -10.75 -14.26 62.60 -27.86 -13.58 -31.27 90.09 -54.78 -29.11 -93.11 -20.40 76.86 23.43 15.67 56.91 -73.81 -47.29 -85.71 4.83 28.04 97.94 48.41 83.44 -72.48 74.88 17.46 63.66 -11.75 91.86 3.46 -29.30 33.85 -19.80 -5.21 97.34 12.07 -11.56 -78.26 -25.62 -81.64 -53.10 -14.53 85.83 73.56 -16.82 21.06 -32.13 -82.41 -77.13 49.30 23.59 50.45 73.47 51.52 36.56 
-58.91 -40.63 -0.71 19.20 2.82 -8.57 81.57 55.41 -92.89 -5.08 -65.81 12.29 -80.88 42.02 -85.27 21.38 -8.93 40.33 36.62 10.62 -28.88 56.68 11.90 6.11 -37.67 -64.52 98.97 -59.95 0.91 -13.96 -46.53 -57.25 84.78 38.24 89.90 -1.71 -95.10 0.63 -77.87 19.42 64.48 -63.27 29.60 82.09 -31.50 -0.47 59.16 -22.05 98.56 -86.45 -42.97 60.78 30.04 49.83 -55.86 75.01 66.04 95.44 -68.01 32.30 51.56 23.99 78.55 24.74 21.01 -99.24 -1.55 -10.83 -47.27 -1.91 -27.65 -62.23 -9.47 27.16 -95.87 -5.62 -0.20 -62.22 -4.65 -72.63 89.01 16.97 28.29 -53.35 -46.91 77.72 27.31 -98.74 36.54 71.17 -21.35 -80.92 29.08 75.08 -7.56 -38.57 13.85 16.23 35.04 2.51 
-23.40 -61.31 6.63 21.89 24.18 90.97 99.12 34.63 13.55 -93.01 96.55 -0.15 -90.69 74.95 -55.78 -93.73 60.28 84.62 -86.20 -19.43 48.46 -12.97 77.00 -59.78 -48.02 -58.81 -94.81 -85.51 -81.05 -16.49 51.74 -71.86 -52.14 56.29 -64.99 95.79 63.44 99.77 -53.94 -39.81 33.57 -34.14 32.04 -83.69 -84.56 -77.03 51.73 -80.05 65.61 26.49 29.81 20.39 -98.47 -58.48 -13.33 -46.32 -59.90 -15.42 31.57 63.59 96.74 -7.31 47.88 -32.42 -52.81 -38.49 28.30 -47.33 -83.41 27.75 74.38 74.54 -5.81 75.58 -72.51 17.42 92.28 99.53 84.94 -94.73 62.42 -1.54 -33.38 -79.78 -31.44 -67.14 57.30 -15.82 -28.99 -94.66 -93.44 26.88 23.79 99.87 -92.21 -8.92 -17.48 -27.26 3.56 -64.93 
29.07 -98.71 -74.73 -12.68 -64.59 -31.99 42.09 -19.27 55.90 41.27 -56.25 -53.15 64.08 9.86 -91.38 -62.23 -87.80 -21.47 22.24 -84.92 -59.82 -66.22 65.25 -83.31 30.76 43.81 19.30 4.03 87.58 -41.48 -82.59 73.69 43.73 97.38 -17.13 30.26 -33.09 -39.06 -45.19 -60.32 -53.30 -2.34 -39.17 85.66 -77.10 -32.26 73.39 -58.89 57.90 -33.45 -67.78 2.17 -2.55 -12.28 86.23 89.27 -94.39 -51.53 -24.94 -53.90 -70.19 78.10 -98.82 -93.31 63.66 92.48 -36.41 -42.28 51.92 91.81 -42.26 34.11 73.58 99.45 -76.17 -99.77 45.83 -60.13 -30.87 -16.65 50.20 -9.03 99.07 -31.16 57.18 36.75 -57.64 52.41 -5.75 35.74 74.70 -68.06 -60.28 -26.38 -90.45 33.50 20.14 -80.04 66.01 8.55 
-91.22 92.02 9.69 31.90 13.65 69.57 -76.60 57.68 -56.75 86.64 60.25 41.00 -80.79 12.40 68.89 97.51 34.10 10.60 -15.63 82.41 -31.99 73.87 58.66 19.28 -44.84 -82.85 87.87 -42.84 -12.02 -23.91 28.45 -81.27 -30.81 -34.50 -68.88 -22.10 -71.36 91.93 -39.18 90.61 -72.19 93.42 -30.17 -54.79 91.09 -99.82 83.36 3.10 -24.21 94.61 25.87 -79.80 -30.85 74.45 16.87 -40.43 -88.32 -3.97 -24.71 31.20 66.32 34.98 76.53 17.29 -43.72 -90.86 64.02 -44.98 28.49 81.76 49.07 63.62 34.67 83.17 -44.90 49.90 -38.04 -61.88 96.24 -28.48 -72.85 -98.92 -28.85 -33.50 -32.59 73.05 -56.26 26.07 9.86 51.80 23.99 31.31 -21.29 -13.04 -86.44 87.81 -52.16 52.18 53.99 12.53 
71.71 12.64 -31.60 -31.40 -3.75 -93.81 -40.58 -74.63 3.55 -21.68 -7.29 49.92 8.51 -82.07 -24.88 -90.73 -75.80 89.64 41.70 2.12 82.20 -40.16 -68.21 46.74 -42.82 -91.84 -80.33 56.86 -66.02 17.64 -93.75 -81.45 -81.35 -53.52 -27.38 -45.92 37.55 75.81 48.66 18.49 -26.01 18.92 -9.82 72.12 -34.43 -72.68 52.87 4.59 17.88 78.33 11.40 99.82 53.12 26.28 9.74 -84.02 23.39 2.34 -75.79 -54.94 -37.27 -91.69 -4.47 -51.49 75.36 -8.47 -91.47 20.30 32.67 -12.04 -63.04 53.81 -46.40 -1.53 32.90 -43.56 -97.83 48.46 -86.76 -53.45 -23.84 32.04 -86.24 14.55 -26.26 97.80 17.30 -10.88 -56.91 -79.48 -77.02 94.64 78.85 22.21 -82.98 -9.27 -19.49 23.27 -97.95 84.97 
-26.66 -72.12 99.34 -77.30 -97.46 99.71 85.72 53.46 93.21 -35.98 30.23 -49.20 -63.60 56.13 14.38 -46.70 -69.67 20.52 72.27 -74.39 -20.25 42.99 53.68 -77.15 -27.69 43.03 97.62 -88.63 96.71 -83.81 73.81 -27.34 -80.76 -67.19 13.39 -69.15 72.50 -10.57 42.15 -22.89 54.79 -52.64 -25.87 -96.49 -30.99 68.52 62.60 37.58 30.82 -20.19 88.22 32.12 30.20 -15.42 -58.31 87.45 -1.52 60.32 20.73 75.75 -42.36 -14.02 69.72 71.25 -91.57 43.42 -69.08 -65.51 -36.20 -43.48 45.48 -78.10 86.03 83.40 -26.59 16.96 -74.30 73.29 27.22 -12.84 -73.18 -51.25 5.65 19.44 -80.16 60.79 -15.44 -86.28 -60.51 18.27 21.00 -79.23 -84.27 43.95 25.52 70.37 -88.61 -7.53 52.46 29.31 
-88.85 19.64 87.40 30.02 57.54 -36.38 -41.77 26.93 -36.35 28.77 78.93 58.10 96.55 91.27 33.44 49.90 39.60 40.91 -73.02 -91.47 0.18 -2.25 -51.16 -71.10 26.77 -18.08 -65.05 75.74 -9.79 66.80 -81.00 -64.19 44.56 58.87 53.51 -40.36 44.71 88.02 29.10 -93.67 96.15 -42.83 -65.84 99.97 -77.02 11.47 65.70 -65.64 62.40 -71.10 8.92 -31.22 65.98 -99.45 -33.75 -73.66 98.79 -93.60 21.45 -71.54 -32.68 -77.97 27.30 -56.01 54.08 10.64 48.18 -81.42 87.03 50.13 96.99 50.97 87.77 -78.62 -75.80 -54.48 57.45 42.24 70.07 -24.34 -3.19 54.29 -59.45 8.58 12.56 -80.27 -26.83 45.46 -82.75 88.72 -89.72 32.83 -27.21 24.22 -47.17 56.36 -66.14 -33.19 44.05 -78.34 
85.63 -67.18 48.85 68.61 -30.73 86.51 -87.15 66.98 -24.38 -17.90 76.87 26.99 -13.07 -8.11 -1.22 55.54 -75.23 31.60 -41.75 35.22 25.44 42.26 -71.96 -44.44 -65.44 -69.31 81.98 67.90 1.07 -67.39 0.43 -3.09 -33.33 -28.98 56.57 53.70 -0.68 -43.94 -81.98 -14.20 -4.40 58.87 -37.72 -73.03 -3.64 -18.59 25.16 89.35 -78.30 -74.46 52.78 -40.62 11.21 38.90 -65.17 -83.49 -14.82 49.92 93.10 -96.07 -13.18 30.46 -6.01 -69.02 -80.27 48.71 67.45 38.50 86.78 99.81 -64.12 -86.20 69.88 -97.08 -56.21 51.64 -97.87 43.74 71.18 62.79 61.42 -89.08 -50.48 67.30 47.67 90.46 -48.95 65.84 -90.80 70.24 17.32 54.38 85.91 26.54 80.04 50.84 13.57 -61.83 -26.33 46.79 
-61.96 -86.73 -7.54 51.30 -10.84 91.39 89.75 -7.91 -15.26 75.29 -20.28 -60.56 61.55 46.45 69.13 -47.45 -6.37 -76.94 18.62 69.86 -47.50 -98.80 2.21 -57.32 -63.92 34.96 12.79 -30.98 -67.43 -66.91 -57.14 53.48 57.64 91.54 -14.47 -53.31 -33.83 -27.44 -53.79 -46.95 50.83 -35.26 17.22 -73.54 -51.09 19.43 -62.42 16.60 18.21 23.28 67.63 -68.23 -86.20 68.17 -66.36 63.13 -89.37 77.52 66.69 67.55 -44.23 -38.56 7.26 46.91 -69.66 -1.91 86.33 -5.48 64.35 26.48 95.13 59.90 -56.74 -66.41 9.85 -53.26 -56.42 -99.40 -95.47 90.72 -11.48 -69.27 -45.88 -41.29 -33.15 -6.52 13.91 90.93 -50.39 -88.48 -88.33 29.95 -91.38 11.47 -15.51 -71.80 83.54 70.94 24.13 -33.58 
-43.46 89.30 -3.34 43.99 -1.38 -23.96 -72.87 -16.78 91.51 -84.91 -72.27 -27.09 67.80 -14.89 17.74 -91.72 -91.51 -63.14 26.98 -43.06 37.33 78.97 -92.57 80.60 91.21 59.02 25.45 -14.40 -54.86 71.41 50.19 54.13 96.31 0.17 -29.62 81.41 56.09 22.51 83.79 -92.69 -67.53 38.22 78.26 -49.70 15.87 -74.23 7.31 -0.47 -15.68 46.01 -7.36 27.05 58.61 -32.40 35.13 72.41 -88.39 47.87 24.89 66.71 -82.02 29.18 -91.53 64.56 -96.61 42.69 -52.61 -88.26 -25.72 -66.07 35.55 -79.56 -87.85 -73.40 -81.26 -24.85 -85.85 59.43 77.50 -26.77 -21.24 -81.97 -99.45 -14.21 -46.26 36.36 -23.13 49.33 70.63 84.90 82.40 -19.79 74.81 -50.53 55.67 -86.17 55.01 54.48 56.29 14.29 
20.50 32.51 37.06 -47.81 62.94 -21.36 -81.88 -81.63 37.61 -4.59 -20.04 -47.21 83.49 -84.39 -7.66 17.50 78.32 -18.49 41.15 -98.55 22.31 74.04 18.12 87.34 20.04 -56.65 49.46 86.71 -83.70 -86.23 -73.18 -66.44 -20.02 92.04 -74.21 -82.58 -33.61 94.06 -19.37 -47.58 -9.69 -2.50 -33.35 -80.28 20.52 94.03 86.01 -93.61 -42.21 -6.96 -65.77 -98.89 -50.97 86.36 -93.94 84.19 86.76 -74.15 -20.65 76.50 18.12 40.19 -28.18 -48.39 13.12 -38.80 -43.19 66.23 -47.72 67.91 28.08 24.39 29.20 -60.56 92.66 -19.52 -50.70 -19.28 -6.24 -29.11 -67.72 93.45 17.67 -22.91 -57.05 13.78 17.92 -24.24 -90.58 -68.96 -51.15 -19.11 43.36 54.30 37.60 90.59 -69.34 -87.11 -67.38 -22.80 
-73.46 38.40 53.28 -22.08 -83.51 59.96 70.26 89.36 96.57 53.13 -9.47 -78.14 63.01 -79.99 -52.03 -50.20 -3.96 45.62 99.80 -8.37 43.61 -96.43 -87.71 -42.24 -45.08 3.83 -9.27 -81.05 -51.06 32.82 40.72 -60.27 -35.37 -73.89 97.19 95.26 89.04 31.70 4.23 33.74 -46.02 -46.79 -45.84 -98.44 -23.29 -70.96 -61.74 41.79 -74.47 -35.63 -86.22 -71.37 60.79 84.78 65.63 -48.26 -73.70 27.04 -99.25 45.15 -50.51 -45.82 2.79 -55.77 76.93 -65.49 -80.59 73.37 -56.64 19.78 -11.44 -62.66 -11.88 47.30 -37.61 25.92 -31.82 -32.71 60.04 46.54 -70.01 0.22 -14.01 -67.88 -45.79 -47.23 59.84 48.91 -64.47 57.95 -40.43 -21.12 59.75 -13.90 98.76 -98.24 31.71 92.98 55.04 53.91 
-9.33 92.90 47.43 -28.42 32.55 36.74 92.30 -40.88 -30.85 94.43 38.85 -15.70 95.22 -28.44 62.15 -88.36 -10.42 -42.67 -45.01 -78.00 29.66 -32.98 79.23 37.27 44.46 -34.26 81.02 60.53 -71.34 44.76 -71.02 6.97 -43.89 -87.27 59.91 21.20 50.97 40.08 58.08 79.18 -94.62 89.85 -29.41 19.29 -14.84 -1.06 -19.91 75.02 64.01 75.42 -68.69 75.14 25.84 68.62 27.81 44.60 88.76 -8.11 43.01 92.66 27.85 -83.79 -13.42 -93.09 -23.08 -2.48 79.54 -2.80 -68.79 -41.34 98.74 30.63 -5.05 -57.08 41.01 15.44 -80.32 -25.17 -37.67 33.20 94.17 -8.47 -41.41 -65.22 3.30 -17.41 -85.96 28.28 -52.81 -47.34 20.93 -99.03 -80.48 -27.34 -84.45 47.87 -55.12 21.33 90.81 -63.54 
-5.89 -80.03 82.53 82.28 2.03 61.03 -94.87 37.52 30.06 -52.82 -52.24 -92.95 9.80 55.31 -69.70 -89.66 -57.24 91.69 1.89 -32.75 2.15 45.84 -92.94 -44.78 27.90 -83.10 91.92 7.74 99.46 -9.32 -96.81 -24.99 -46.20 94.78 49.23 14.45 24.44 57.03 -79.41 30.68 37.67 75.74 -14.99 -9.55 -15.09 -95.25 97.16 -75.10 -80.11 -16.68 -90.81 95.28 -43.74 30.49 -60.80 16.97 -38.93 -98.29 -55.72 -77.68 -83.84 16.17 -76.31 38.90 -77.48 -58.08 79.11 11.39 76.00 -62.70 3.26 58.56 -72.36 -96.12 33.92 -74.40 46.62 33.12 -45.50 -7.29 64.78 -44.73 5.64 99.95 -2.49 50.52 64.85 -70.97 59.66 54.25 -55.76 -64.07 87.47 49.62 -19.45 -5.19 -33.01 32.91 -37.16 66.65 
-44.59 66.64 44.59 46.97 64.47 -79.56 54.42 -20.53 -40.21 4.40 82.03 93.70 6.54 -81.40 -62.50 72.96 65.82 -38.30 -12.98 22.14 -28.21 54.78 -51.87 62.11 90.34 26.98 98.70 78.66 50.58 83.02 -37.68 -88.04 -42.88 -84.30 32.79 66.98 -57.76 -50.65 -24.35 -0.51 39.48 -19.83 -21.44 25.51 46.72 3.24 -13.00 85.92 -9.77 -22.82 -66.92 -30.61 -48.85 36.60 73.61 -72.64 -92.58 16.25 -29.72 -46.90 74.37 93.89 96.61 65.99 -60.80 -31.09 -59.83 -15.43 -19.69 54.58 -48.22 19.48 17.17 -18.99 -91.01 -87.52 -89.75 18.55 74.99 -14.84 69.50 -87.57 70.10 73.94 -99.83 -56.61 0.34 -30.72 -2.75 25.39 93.98 7.04 -55.53 91.79 -25.19 -71.08 88.95 14.73 -38.30 12.46 
18.58 -14.84 10.20 -98.71 13.98 50.64 -16.73 -93.14 89.73 -54.52 19.50 71.74 77.75 -72.39 60.43 -65.48 -44.88 70.56 -8.95 -51.42 40.09 61.51 -88.37 -39.77 59.44 -43.67 20.59 12.59 -46.38 85.14 -19.82 63.10 -61.89 94.85 -83.79 -44.29 -88.22 54.97 -57.63 -77.52 32.63 -62.33 -87.51 -99.67 -56.06 -64.58 81.18 37.57 72.02 -57.38 -55.62 9.63 -39.08 77.67 -36.56 -25.11 15.13 -32.36 -75.97 24.91 -81.50 6.19 69.26 -15.77 -39.59 -91.21 14.30 36.45 -63.01 75.18 55.53 -22.89 -32.22 -61.72 64.82 51.87 -52.11 80.22 -34.06 -57.43 47.46 -8.76 -49.07 -42.65 95.49 53.51 -12.27 62.39 82.70 61.16 64.30 49.40 -45.54 -70.41 61.41 -49.77 -51.42 -50.43 80.16 32.66 
45.33 -96.37 -99.79 -60.60 -98.19 -30.13 60.97 17.72 -35.82 3.06 -76.19 -13.69 -90.23 36.64 20.32 94.04 52.78 69.63 -11.48 3.54 -10.39 -28.09 -6.50 2.96 -29.98 -61.59 -49.98 9.55 -69.97 25.92 65.47 9.97 -55.31 -65.90 -99.05 -40.92 -56.42 77.53 52.77 -39.24 -39.83 52.20 55.84 -23.82 71.28 -47.28 20.14 56.23 97.85 -34.32 -64.87 -88.38 -37.07 -34.39 -68.92 -1.97 66.12 -21.19 68.07 -51.49 -52.84 66.37 -83.23 34.57 -35.03 -15.71 43.01 -32.31 -8.58 65.14 -79.34 48.93 -44.75 38.27 35.51 65.74 56.25 35.92 -6.97 -11.78 48.17 -34.96 56.74 -94.92 -90.69 -49.98 -75.36 68.93 -46.41 44.54 -37.05 43.30 86.62 -3.68 7.94 -2.91 -66.82 5.27 90.26 -60.04 
-54.78 -14.66 89.57 -33.51 -75.99 -12.64 -87.72 -8.34 -80.73 37.38 -70.59 71.92 59.78 -63.74 -95.65 -87.21 -55.54 92.80 87.73 90.73 -59.39 24.27 -40.19 -90.66 -91.63 84.56 73.74 49.90 45.36 10.48 30.24 -42.26 -25.54 94.27 10.66 9.41 -32.18 21.88 35.67 58.53 52.06 27.89 -98.00 -16.27 14.00 53.16 -51.81 84.67 81.89 -14.95 -59.95 70.44 83.34 -11.54 -50.42 -70.66 99.35 -1.07 -21.71 -97.01 -61.81 -95.67 51.58 96.66 31.03 -65.01 91.50 32.59 -66.21 33.54 -50.66 62.44 70.59 6.42 4.12 38.55 83.63 3.58 -38.09 -72.20 18.42 -72.89 -27.42 0.63 51.35 90.89 60.33 -48.28 67.44 -46.01 80.49 42.47 -39.22 -85.26 0.79 11.53 67.33 -20.05 8.95 29.81 
-98.96 51.05 -58.23 -25.92 -88.51 37.24 -86.10 22.08 -21.27 -63.44 13.61 -30.06 26.85 38.61 -52.51 -92.52 41.33 -47.20 -54.69 -80.28 30.30 52.88 95.28 75.05 -4.84 27.65 98.96 91.33 -76.04 -96.80 -83.10 32.24 13.96 -48.91 67.17 48.93 -46.93 -56.81 85.73 -42.99 -11.82 12.41 -46.54 -39.06 74.17 -43.13 6.66 36.13 91.96 -81.84 3.81 -36.97 -6.24 -65.91 -21.76 66.76 66.74 -1.67 66.77 -4.91 38.23 -22.67 31.37 -14.59 -98.98 -95.89 -40.89 -20.38 24.20 61.71 28.61 -94.52 54.51 -11.70 -24.89 -56.15 -6.57 61.62 -28.39 -62.75 97.61 -64.64 -75.57 75.56 30.90 -65.81 -45.66 -88.24 -97.05 64.28 -79.57 58.69 -50.76 -47.89 22.58 -39.02 -52.12 68.35 -71.02 -8.82 
-94.73 -28.72 72.87 88.87 93.41 17.25 34.38 -72.27 -65.64 -62.58 -0.86 -22.23 18.37 61.36 67.31 56.26 -39.43 71.61 -65.79 -23.95 -0.29 -87.93 33.47 -8.80 -3.51 -94.67 -82.44 77.73 63.42 -15.05 61.31 -3.10 16.09 40.61 -55.52 -32.84 -53.93 90.30 96.49 8.48 56.08 86.40 -10.96 -96.62 2.22 -97.65 59.15 26.78 -65.73 -14.76 -84.65 85.00 60.27 -90.71 -53.66 -26.42 26.29 92.50 74.85 -65.99 -12.65 89.84 -66.61 -54.38 -19.68 59.14 -5.41 -64.05 42.83 -67.63 11.75 -99.27 47.68 84.60 2.86 -60.53 80.13 -34.80 60.85 10.19 -48.15 18.62 -64.87 -21.41 38.56 59.12 12.09 -59.84 84.11 -68.87 3.33 15.53 63.31 -80.73 58.00 -62.86 -55.54 -46.73 -90.66 -53.27 
-56.55 -12.51 33.35 -27.03 -65.40 61.99 -33.00 -11.77 -66.76 65.90 50.27 -62.35 -20.95 -23.88 16.51 55.00 -72.84 -90.21 42.40 54.85 53.92 -0.73 -50.67 -63.98 35.99 -14.12 14.64 -39.04 2.93 -31.87 -40.10 16.41 -92.35 88.45 87.18 86.10 -57.64 -3.97 83.91 98.06 -96.34 -25.70 -47.04 -33.47 -90.78 -17.24 -62.37 11.27 21.60 15.20 51.13 -47.46 -82.53 -64.24 79.01 -78.41 45.32 -21.12 -46.52 -42.97 44.27 -50.20 71.55 88.62 9.48 -7.23 43.44 -70.80 16.98 38.66 -34.17 -17.30 -23.00 15.86 -63.41 -26.17 37.52 -11.11 -12.59 47.19 95.04 -21.47 -70.03 5.40 -28.48 20.28 6.72 -21.41 89.04 39.18 72.11 -69.67 89.26 54.19 -29.80 8.56 86.34 -60.48 11.10 87.62 
-42.89 75.88 37.19 -21.39 -50.36 27.03 -8.40 66.15 -67.81 4.97 32.82 -94.15 -37.06 69.25 71.60 77.90 81.29 36.82 -62.06 70.18 39.50 -73.19 58.62 -83.89 9.65 51.25 50.66 -46.88 -56.08 -32.10 -95.57 97.54 -32.57 81.22 -29.94 -59.42 6.69 60.74 -4.38 -33.28 85.65 -66.29 83.39 -99.20 82.64 37.85 22.58 35.79 -46.05 24.17 -86.84 -17.14 96.66 -82.11 -60.47 21.62 -99.65 11.98 -3.00 66.77 -55.53 -43.57 75.28 12.13 51.79 24.65 70.68 -4.87 -81.11 -94.12 -43.67 -96.82 -31.94 -27.24 35.43 82.09 -57.33 -17.40 60.95 -59.18 71.80 65.98 -65.98 21.09 71.73 51.14 26.39 65.78 -30.83 98.88 63.42 68.21 39.93 81.70 32.38 -47.59 -97.35 29.05 -19.02 -6.92 
-70.58 -11.48 -67.27 62.84 56.30 20.07 25.45 11.38 26.55 -98.86 -9.90 -38.41 21.79 -68.50 19.28 68.63 35.52 10.25 -31.16 -0.84 7.60 11.75 -11.89 45.29 -0.29 65.07 69.48 28.77 37.91 62.54 21.20 -93.23 26.70 -53.54 34.70 -67.45 -87.83 20.41 -62.50 62.22 87.42 49.22 -60.43 -18.87 13.15 45.63 -49.56 98.73 -19.15 -6.01 -95.50 -76.39 -64.01 5.74 10.79 72.90 -95.41 -68.16 23.50 78.53 -22.43 -44.99 89.30 81.15 -59.70 12.23 -72.52 79.72 -92.30 88.04 49.78 -81.15 -92.15 -1.75 -11.66 25.35 6.86 -62.74 -64.99 77.34 61.48 15.93 56.42 -71.58 -76.13 68.33 50.34 -96.79 -27.11 26.25 -4.09 81.79 75.28 -35.45 -9.97 10.75 -1.12 -77.33 -0.11 -31.16 
-23.47 24.52 -86.69 2.79 72.15 -1.94 -5.07 67.33 64.00 -72.67 -10.83 -39.32 31.78 15.05 -73.70 33.37 -94.65 -2.33 1.89 80.23 31.24 -79.85 -19.94 -37.53 22.53 81.01 59.43 -52.49 72.70 -69.32 32.19 75.73 -42.69 93.60 -81.32 46.87 -22.84 -91.97 -82.57 -6.13 -86.20 -24.78 -32.78 -99.69 -21.69 93.58 -15.86 66.88 -8.65 -88.55 32.41 -95.15 33.81 -30.20 60.17 -37.61 -84.51 34.35 -83.58 72.44 -43.75 -27.28 -53.70 -54.64 72.64 26.71 -35.26 -34.90 -91.30 -59.79 -53.02 26.78 -36.39 16.92 56.85 96.04 88.33 30.71 87.26 74.23 -61.74 96.38 -3.51 -98.31 94.92 62.69 70.19 18.30 -43.97 -56.00 96.06 -78.22 44.68 -20.55 84.29 -54.67 -40.96 -32.98 5.61 43.20 
-69.35 92.59 -93.44 3.96 33.50 9.11 -31.25 37.78 94.60 68.24 17.81 -78.34 -33.03 -9.49 14.20 -94.84 -2.19 55.61 -92.24 -86.14 -86.35 -67.79 -37.80 -1.50 -92.16 -24.42 -39.65 74.09 93.42 -55.91 26.98 -7.08 37.51 54.96 -58.79 -38.72 18.59 -24.97 -84.15 94.69 69.69 -16.61 15.10 10.69 -74.49 53.78 82.38 -85.55 48.70 -19.09 64.54 -65.63 -51.17 -74.27 -65.64 41.81 -95.59 -86.55 84.76 54.51 43.31 15.63 46.22 70.54 43.85 -12.54 -86.93 18.95 -66.76 88.32 11.77 70.76 -23.83 64.84 -23.61 -10.81 32.79 35.39 72.05 -97.25 -56.61 -47.02 94.75 -73.45 -50.23 41.75 43.55 77.88 43.38 -94.31 -38.50 -59.32 9.30 70.25 -17.33 92.32 19.83 33.50 -46.10 -61.11 
-27.69 -18.15 12.08 45.29 81.03 -93.10 -83.57 73.15 -71.00 -93.37 68.00 -36.05 -20.33 33.81 -11.25 -45.18 89.93 -33.30 -3.05 12.71 -1.06 -59.65 -99.96 34.35 -87.97 3.85 -3.86 42.23 -18.79 -85.36 64.68 -42.35 87.39 -38.81 98.04 -77.85 47.77 59.54 -88.83 -74.13 -80.38 -46.11 55.96 66.45 56.74 8.22 -0.63 97.82 -87.23 17.77 3.28 45.11 2.18 -46.18 14.65 -67.28 66.69 17.37 42.15 -2.70 67.47 39.44 -49.49 -42.89 -29.53 -62.74 -21.34 -33.46 -99.80 33.19 -4.85 -31.61 65.69 55.80 -83.30 -13.11 -28.79 -65.38 26.62 -18.20 -80.24 -61.54 39.42 52.06 -89.43 -65.02 -1.15 -80.47 -65.26 -63.90 -52.79 -23.97 55.88 24.74 -35.11 85.62 50.89 -80.63 -34.70 77.51 
63.00 88.96 -57.47 50.19 46.48 -34.57 61.98 -49.19 9.64 -61.17 14.32 1.92 -48.43 69.32 -10.42 49.52 -62.62 -77.84 60.90 -41.00 -29.67 14.12 -50.32 -86.82 44.58 -97.51 -74.00 -30.02 43.48 -46.40 4.71 40.34 68.63 62.13 -55.81 62.21 34.47 28.65 2.84 -31.64 22.78 -60.46 97.47 9.93 -88.46 -93.50 -22.13 -77.47 95.63 -91.81 21.55 64.32 7.63 -89.39 -85.23 -38.06 39.57 1.54 56.43 33.12 51.57 35.09 -31.45 55.20 -80.61 -87.91 5.47 -69.30 99.34 88.67 -26.36 85.81 84.30 49.98 24.74 68.81 -9.45 70.40 -16.64 -47.10 -43.16 -94.90 -42.51 -42.37 96.38 75.92 -0.56 -35.77 -62.04 21.94 12.29 21.50 -57.24 6.86 -72.84 62.16 92.98 -72.10 13.41 22.52 
80.78 0.29 15.40 75.37 -31.40 -42.94 -31.06 -90.17 -71.30 -83.44 0.04 72.97 -47.93 -97.49 -86.57 50.77 71.18 85.44 14.74 -65.28 -67.11 75.01 2.52 4.93 47.25 -19.51 -43.63 13.78 21.15 -72.59 -57.32 73.33 39.37 7.07 -80.06 -85.49 63.48 55.09 88.02 -78.16 51.40 94.48 85.82 81.19 -95.37 7.20 -60.42 -24.51 -27.57 40.87 29.79 4.10 -28.65 5.62 10.39 94.76 -86.11 -81.16 46.05 -32.71 -7.61 56.26 -72.12 2.35 55.93 50.21 -90.52 -23.76 -79.23 -47.86 68.26 -81.13 6.49 39.46 98.26 -99.58 -37.05 -60.43 -24.87 55.12 -22.52 -55.86 -11.45 74.18 59.20 -68.08 -19.24 39.05 -40.01 -16.63 -1.46 31.53 -79.80 -56.74 98.69 -89.01 -4.00 -78.25 -76.03 -14.58 
-94.67 -47.32 57.34 -32.17 26.92 4.42 -68.08 71.98 -48.73 83.29 2.10 -92.77 -84.53 -97.70 -71.16 -17.65 50.29 22.56 -85.75 -26.12 -61.43 24.02 47.96 34.41 34.36 27.28 -35.76 -59.23 65.23 12.80 -58.99 50.27 -47.51 -40.40 -3.23 21.35 50.81 81.24 8.63 0.46 -20.19 -49.37 -57.97 -50.11 -28.74 -79.16 50.59 12.80 -63.36 -81.51 55.00 -49.49 -90.49 36.39 98.03 -56.93 -79.34 -49.16 90.82 50.48 -2.30 95.05 -57.36 16.96 -21.02 -69.27 72.41 -6.98 -56.83 74.13 97.87 73.21 91.76 31.08 62.17 -23.12 55.22 31.51 -49.43 46.91 20.81 39.00 -5.88 -9.19 31.04 41.00 42.49 29.19 91.30 13.09 -68.96 93.48 -87.86 13.76 -4.61 41.59 -36.16 -17.98 -72.18 23.47 
-20.64 -11.60 52.14 -39.07 55.58 -20.37 -51.12 -38.24 27.10 2.58 -28.12 -53.33 70.13 29.42 44.48 83.16 86.30 -42.95 -90.50 -15.55 -11.74 71.24 24.00 93.54 -72.85 80.97 -51.18 17.68 -94.89 32.68 -1.03 7.89 -68.21 82.74 21.37 68.40 50.46 43.78 45.60 -13.59 66.34 -2.89 -46.15 81.68 58.45 83.46 60.43 32.41 37.42 -44.94 -46.27 85.01 -15.12 22.91 -19.38 -25.24 95.68 -81.79 28.47 34.12 87.76 -56.97 91.13 -77.75 89.74 -26.98 44.00 -64.70 -95.92 97.31 -8.84 92.37 -43.92 -56.30 -62.76 -82.44 -47.35 -21.76 21.05 -18.29 47.91 -97.76 26.16 -50.98 95.28 30.26 -75.25 24.58 90.95 -7.12 -92.48 -56.75 -91.46 -19.51 -72.55 -7.60 26.93 -6.39 9.43 62.94 
-2.04 88.32 -62.20 -51.99 46.23 -74.46 -9.65 10.07 83.97 -2.73 -40.67 34.38 -94.73 35.03 29.38 -65.14 -6.46 -13.79 -4.15 -54.53 -19.75 83.28 -41.57 -34.40 -40.48 -33.34 -29.73 -25.62 -63.01 -77.20 -70.38 40.66 0.30 20.78 -63.66 -0.57 -25.56 -89.97 24.14 -51.65 99.72 31.61 -12.41 -97.95 54.17 -2.12 -51.71 48.03 -10.27 -14.73 14.50 25.86 -6.24 -21.65 -90.58 22.65 -30.20 29.01 75.05 -91.46 83.95 -55.30 -71.41 -16.34 -81.93 -71.60 53.19 -71.60 -95.76 -61.17 89.76 -61.34 -33.28 -29.49 65.68 -73.92 -90.42 86.75 -93.12 -79.88 -34.91 -58.93 -35.38 43.75 71.41 18.94 0.65 48.91 71.26 -69.63 -31.84 42.49 79.63 -4.76 -79.17 31.40 37.69 31.72 -92.35 60.81 
75.19 -51.78 72.15 -51.53 37.39 -30.60 -80.19 7.38 -68.63 -95.63 56.44 58.67 -79.86 -11.62 62.47 83.61 -74.12 19.78 10.07 -31.15 14.09 46.96 54.70 56.46 40.32 31.48 -4.53 22.64 -37.83 -90.39 79.60 37.14 76.09 98.59 -9.81 -62.24 24.85 -87.08 99.41 -89.38 -35.43 69.36 85.60 -49.32 -2.85 -77.53 -34.02 10.27 -44.24 -77.72 57.70 23.83 22.32 -81.93 20.70 -68.76 94.59 97.26 -11.11 -89.15 -26.83 -33.00 13.85 -33.81 -49.55 73.21 54.10 -25.81 -29.06 2.62 -83.59 -17.89 12.54 13.80 96.33 59.90 6.23 -69.70 21.92 36.82 62.52 -89.21 69.63 -22.85 32.92 -63.63 -56.48 -81.58 -81.70 7.45 42.33 -75.87 -69.55 79.67 52.51 -58.44 32.65 -49.88 -78.91 5.86 
80.89 86.29 -83.58 -39.94 -30.83 36.13 -11.51 58.56 19.92 41.94 -76.77 -77.43 81.17 57.98 20.75 45.97 30.38 -51.40 -91.14 -51.56 72.80 50.88 -10.38 -21.89 95.50 -41.85 70.60 -42.12 99.86 -9.54 4.83 43.55 0.81 88.91 -58.90 -65.83 0.07 -25.66 66.03 -21.16 72.43 43.73 -98.80 -56.85 -85.63 38.69 -40.65 95.70 23.20 45.69 -30.73 -22.17 40.80 -56.18 -21.70 75.10 37.97 94.56 -66.92 28.59 10.58 53.59 91.67 15.20 -42.26 -63.60 15.42 92.84 29.91 -55.42 12.31 3.22 -90.30 27.22 41.06 16.17 -55.15 -21.01 94.76 99.28 74.38 28.18 -8.51 45.41 -90.30 -7.95 -96.03 -91.12 96.97 -9.21 64.55 -78.02 16.44 -87.97 -27.06 -62.55 -78.26 -52.74 -57.35 29.36 
95.40 95.11 -5.52 -78.01 6.38 -51.55 -30.07 15.53 79.12 -91.35 -66.58 -35.15 59.25 63.04 -87.93 44.48 26.44 -31.60 -8.09 -43.86 -85.74 52.01 -87.77 -73.92 0.80 -60.09 -83.93 26.72 72.33 -44.43 -47.66 -91.01 -10.25 -70.17 82.86 91.27 -60.06 -88.21 -87.37 -80.93 39.80 8.95 -73.10 -37.43 1.03 52.11 58.32 -82.24 -85.95 86.09 23.86 8.60 -37.89 -59.77 -35.41 -79.87 -51.05 -77.57 70.84 -58.56 -9.54 17.88 36.26 3.00 -5.72 12.24 -54.08 37.46 25.18 -58.54 42.41 48.32 62.99 -5.70 32.64 -92.94 54.46 -1.97 99.81 -17.41 -20.19 56.01 -25.15 29.48 -15.45 45.73 -8.73 9.39 27.49 4.10 46.05 -64.33 -62.73 5.38 -4.12 -71.89 37.80 5.32 36.51 -41.42 
-40.49 0.69 -51.52 18.84 6.02 13.80 36.46 0.91 -72.66 81.93 -21.89 -97.87 89.75 69.82 46.87 -71.07 -29.50 -49.14 12.56 52.27 -9.20 -45.26 -10.02 -93.32 84.95 -38.78 63.49 -65.59 -60.14 56.13 -37.49 19.56 39.26 2.83 -27.06 -48.88 -6.51 81.38 88.21 -65.57 29.72 41.40 67.58 91.59 -84.63 94.94 -61.39 5.14 -66.97 -17.27 57.10 27.77 -29.26 61.44 48.14 -31.80 -3.56 -5.37 -79.07 -61.09 18.05 70.17 -3.72 28.27 87.43 -29.67 80.07 85.44 58.64 -48.39 94.54 -32.53 -25.62 13.49 79.23 -22.42 -16.58 86.70 63.47 33.91 -51.47 -70.69 26.86 -64.00 -28.71 -63.44 77.24 -35.23 19.02 -1.75 87.55 43.31 16.45 -92.69 77.91 27.53 93.45 63.56 30.37 25.87 
28.95 12.28 -21.63 40.43 34.16 75.69 -23.86 54.68 6.15 -40.35 13.04 -44.50 -38.06 93.39 -40.53 46.29 41.11 -70.97 89.67 36.98 -76.10 60.98 34.60 96.33 -71.10 82.63 65.22 54.73 -15.43 -0.45 88.63 -42.12 97.31 -97.48 -52.87 -96.09 43.97 91.54 -69.14 -79.97 -54.57 63.20 -18.81 -86.61 8.95 -91.84 81.17 28.80 -45.96 61.89 24.87 -41.25 -30.89 31.07 94.64 22.88 -3.12 7.64 -69.82 61.49 -89.14 -43.33 99.49 71.69 -47.60 -25.51 10.64 -29.28 50.73 35.14 -96.25 -35.92 11.14 59.90 55.97 21.84 64.98 36.38 29.85 48.08 -92.96 -0.48 -23.91 14.29 49.03 -36.67 -0.89 55.17 -16.42 13.82 -44.01 96.22 -1.21 53.91 18.23 13.83 -56.08 96.00 31.53 45.85 
-99.33 -16.97 26.79 -91.62 -19.91 57.97 19.76 0.09 33.68 -1.43 -14.13 -11.17 22.35 25.66 78.71 77.85 -55.40 -76.61 -70.96 -94.86 59.90 25.90 5.23 -96.42 -68.10 -35.94 18.54 -39.56 52.32 -84.37 -59.25 -91.25 -30.42 24.13 -32.74 81.12 -67.54 -23.32 44.82 56.78 88.34 -76.07 -40.23 41.20 44.43 77.44 -14.19 -28.51 86.17 70.39 -84.48 -20.06 -69.03 -92.56 0.44 92.19 -94.17 -55.07 78.56 28.54 23.59 -86.98 -26.07 -16.00 -20.69 32.18 82.48 3.92 -80.47 -75.18 34.76 -8.21 60.51 64.50 73.69 44.73 6.69 9.25 -32.39 41.01 -82.22 -82.74 67.82 -85.88 67.50 -68.20 -84.77 -96.81 -20.21 6.17 79.96 -15.32 -28.44 54.53 38.74 -37.11 -75.83 -13.57 -55.32 23.81 
-30.25 29.32 -30.90 14.71 56.25 58.93 -55.40 18.48 23.60 -28.26 -29.98 -10.01 -80.96 -86.15 73.67 20.33 92.23 -74.89 -91.00 -27.23 65.60 -40.39 75.38 73.92 10.11 13.93 12.52 39.24 29.34 -44.98 -37.14 -60.75 7.10 -83.23 0.16 2.87 43.97 -8.80 6.95 79.51 61.71 -45.42 -18.39 64.15 94.93 -91.64 -10.41 15.22 -78.56 -85.53 -5.13 29.09 59.39 21.06 -88.95 43.51 -52.08 14.17 92.17 -84.31 63.24 -42.85 -72.72 -13.73 64.66 -18.91 -16.26 58.85 -7.78 -91.43 -61.03 -90.55 -16.62 11.30 -12.21 -87.53 73.83 29.92 -99.92 -34.21 -75.46 84.14 -54.29 -77.32 -91.58 4.08 73.02 -9.61 -74.33 96.68 94.75 -45.43 71.96 65.84 -93.27 -84.59 -68.68 44.85 0.80 80.17 
-55.19 -37.92 -70.44 -23.59 37.72 28.40 63.13 -24.48 3.44 60.79 -75.79 -80.15 10.83 -31.46 -94.15 46.98 91.21 -60.73 -1.77 -67.17 -97.74 -38.75 -16.10 48.57 43.00 -85.82 -11.48 25.09 65.94 71.50 -42.82 -77.68 76.14 20.84 -51.05 -2.91 -66.50 89.73 46.85 -60.19 -8.79 -13.80 -72.12 -26.71 -26.81 58.89 -58.97 9.62 25.31 10.36 -33.89 43.22 -92.90 54.93 46.41 8.33 -22.00 97.01 -30.23 -90.69 87.42 32.64 -70.47 -62.69 22.86 38.31 -26.97 -90.38 -12.36 -17.64 45.67 -96.54 46.85 -38.69 22.15 -15.05 59.49 -55.27 60.02 38.27 85.73 3.88 -62.04 -40.50 -31.15 -90.71 -30.01 -34.82 -51.56 -95.45 -46.56 13.45 -43.10 -76.77 20.37 56.91 -47.92 96.71 -76.17 -15.12 
21.71 21.60 -64.91 23.19 28.21 83.40 -16.24 92.52 89.78 80.98 25.68 -55.72 -53.10 -55.35 -5.56 71.74 -80.22 -43.35 -14.29 60.50 -49.42 64.60 68.09 27.71 66.06 -32.07 -19.00 0.35 -14.52 60.41 43.15 -80.40 -92.54 -23.75 -64.18 97.12 71.66 -57.53 -0.10 -3.79 -64.04 41.41 -12.12 2.44 95.57 -75.75 67.13 -59.99 84.23 -45.74 -36.04 36.88 35.08 -69.11 54.48 -90.61 -75.56 -89.96 -43.59 -41.57 62.22 -25.19 -14.36 69.68 -79.55 35.84 -77.49 22.34 98.96 -48.69 -4.97 7.74 2.61 -51.37 -99.52 -7.48 -84.30 -2.60 -53.68 87.47 -2.29 -35.06 -90.79 -35.28 -82.22 58.17 -91.99 -4.40 -28.97 28.88 78.73 -51.64 -95.92 -10.03 -92.36 77.07 44.05 -79.77 89.69 -49.96 
61.43 -46.95 9.40 -65.09 -26.03 16.26 41.24 -18.02 48.35 -18.01 -0.97 30.00 37.56 42.16 4.44 37.46 78.43 -88.62 19.43 73.73 -10.52 -34.18 91.85 -93.83 -26.34 57.27 22.29 -87.36 -61.97 -12.17 58.39 -25.55 -35.53 -9.01 -6.79 12.69 34.12 -85.77 -68.67 61.89 62.42 -23.16 14.44 75.60 -46.07 60.76 80.63 29.47 -79.45 -44.08 -30.48 55.04 -59.65 -57.42 -58.72 97.67 58.14 -93.46 -22.72 87.49 34.92 59.55 -14.10 -52.58 98.02 -98.12 11.88 -54.44 -12.68 -57.10 52.00 62.46 55.98 49.90 22.21 -25.11 -84.60 85.05 4.00 20.61 65.65 -3.11 -78.23 97.99 51.04 -64.58 72.23 98.14 -89.54 9.88 -9.15 85.10 -14.29 55.73 51.82 -41.03 50.34 -73.78 59.38 34.68 
53.97 13.97 -35.37 -63.91 -50.36 -53.49 -13.01 90.34 -44.90 -66.22 45.12 25.19 81.61 -58.63 -89.35 19.76 75.36 -61.34 -26.99 15.11 37.80 -28.89 47.67 -77.11 75.74 64.48 80.41 13.41 -14.37 4.70 -0.59 -63.57 -3.76 16.42 -27.07 91.05 -69.92 -83.44 -38.01 -15.83 74.50 56.33 9.87 -79.64 -26.81 52.40 -68.74 -59.56 -63.57 -36.43 -2.93 -24.72 16.42 -50.65 -83.11 15.45 -25.98 70.28 70.80 -52.74 -43.10 -2.23 -4.11 99.74 20.53 12.71 -76.26 -53.38 -98.92 -18.21 -73.55 -32.10 -7.04 -40.16 -26.53 17.11 -17.69 -74.89 -99.48 -74.60 -15.26 10.90 47.01 -3.67 -39.79 -37.13 49.63 -15.59 74.71 -88.39 87.53 -9.39 67.53 85.54 3.13 -17.38 -59.47 28.98 -96.49 -43.72 
13.45 -49.88 -48.15 34.77 99.69 98.43 -48.12 -14.92 -17.08 42.10 -60.16 51.65 28.42 -38.35 94.93 71.74 -75.85 -54.12 36.63 -5.47 68.21 34.06 22.01 75.17 -17.87 -59.79 41.55 -66.62 -35.53 19.64 -91.37 -37.04 68.58 -24.56 39.02 -91.48 -93.33 -46.55 44.26 -74.85 -73.45 22.00 19.24 -28.85 -22.41 -2.08 -59.69 -17.86 17.26 -25.56 74.31 21.60 22.46 -77.85 -24.67 37.50 -33.49 84.36 26.49 80.14 -68.40 -42.74 26.13 31.06 -59.79 17.78 -28.38 98.53 -26.86 66.23 -52.58 -86.43 -59.32 69.36 -40.74 -80.67 25.06 39.78 -15.65 -51.31 54.19 29.92 6.20 -37.96 75.80 98.49 9.88 -43.34 -26.95 56.98 -1.37 -10.41 -75.50 43.33 84.19 -52.31 -33.96 -62.73 -14.92 50.69 
99.61 51.25 -3.57 18.26 -62.92 -11.65 -81.97 -5.02 55.41 88.48 99.06 91.80 62.83 18.03 77.22 68.02 82.35 -79.94 15.51 -73.00 12.71 -40.82 99.97 29.76 -19.10 -64.21 12.16 -50.88 -37.46 -80.10 56.80 55.04 47.20 -94.58 51.63 53.34 -26.38 -48.86 25.16 94.04 -65.83 -48.95 -53.10 76.82 -59.49 32.54 -29.78 -90.08 95.54 -2.70 69.61 -80.51 98.71 99.67 -81.48 77.10 -87.64 -67.14 32.73 -15.43 42.44 -89.88 40.60 21.78 81.03 19.94 -19.42 31.05 63.78 -73.33 -63.88 21.98 -94.35 29.44 8.61 -60.08 -48.98 -32.13 26.22 33.22 -82.43 20.08 87.36 -92.88 -78.13 -78.49 -93.63 -58.36 13.39 58.22 -15.33 87.01 -46.46 -56.33 85.20 -86.26 10.83 -65.96 31.33 40.13 
-70.64 -70.23 -65.46 52.74 56.13 -85.46 -26.29 86.41 -66.14 88.44 -31.59 -70.06 44.42 90.35 -69.97 -7.53 56.18 91.62 -90.99 49.50 -38.33 -41.71 -39.95 -72.21 -56.26 -23.21 -31.44 -15.06 77.79 -1.75 -3.56 90.24 14.30 -84.95 60.77 -76.64 -17.78 91.50 36.22 -63.84 36.40 -47.13 25.84 -96.72 40.74 86.90 95.73 43.91 51.41 78.64 -38.88 56.91 -72.58 31.42 -66.15 89.04 95.22 -70.59 84.46 64.71 -0.71 -40.26 97.72 -84.92 -34.40 -80.90 -12.82 56.49 90.71 -94.87 40.38 -36.68 25.79 -27.61 -10.41 -97.18 -7.23 -14.31 -87.57 -80.98 77.10 56.79 76.90 -27.71 -86.34 -63.66 -49.96 -49.66 -82.50 52.82 54.83 -20.57 28.31 -19.90 -78.17 7.94 -75.01 67.81 -88.30 17.67 
55.97 35.05 5.24 -6.91 -31.90 81.45 21.17 7.82 -30.78 -72.92 -60.48 -86.27 -46.27 -68.85 -30.33 -27.80 23.85 -45.10 5.87 33.07 -28.14 35.66 -38.71 61.68 99.78 -79.74 64.45 66.29 8.65 47.64 -87.27 -37.69 70.80 -57.22 -35.69 -87.78 45.82 -12.19 -76.59 -65.46 -93.25 -1.01 86.44 13.45 -88.63 24.32 88.73 49.88 33.09 -13.77 59.79 10.39 -51.17 11.88 40.80 -3.84 54.56 94.34 -81.17 60.76 -68.34 69.21 -7.81 61.43 66.35 39.76 -32.54 65.53 96.42 10.58 80.86 9.44 57.95 95.73 -76.35 0.23 84.35 6.44 75.14 -43.80 -99.76 83.93 -61.60 -26.38 -14.38 44.69 -39.67 -47.98 28.09 93.76 -47.67 66.61 -41.18 -49.85 81.05 -65.45 -82.93 -93.81 50.24 4.27 
92.76 -99.17 98.13 28.96 30.03 32.00 -71.48 21.12 -87.52 79.92 -97.36 34.26 -22.24 80.01 -13.86 30.03 58.37 18.75 45.33 87.05 52.78 18.17 17.44 -96.15 30.41 -40.96 -70.40 -93.22 36.35 41.17 65.31 24.89 39.08 -14.52 97.47 -54.07 -88.98 -44.10 39.26 -96.78 -45.31 -86.73 2.82 -45.42 -85.80 70.41 33.36 45.82 -81.40 -80.58 71.71 -69.72 62.78 -34.16 -14.65 -73.67 72.12 -35.65 -79.42 6.12 -32.09 -61.30 97.77 -76.78 -27.45 69.43 87.20 -81.70 -17.43 1.21 17.91 -5.31 -22.36 25.07 -0.49 94.24 -92.46 80.74 -70.04 0.77 -68.40 79.08 53.63 -43.58 5.01 2.91 23.10 67.87 95.11 54.40 -39.75 -18.60 -14.05 78.56 -89.92 -86.83 0.34 79.59 36.62 -34.45 
-59.91 74.80 58.22 27.80 23.73 -95.94 -60.36 20.26 -34.48 56.40 -31.50 -55.83 5.86 -51.62 -71.52 -34.11 88.27 38.23 73.01 -57.84 -48.95 -83.67 -84.86 -69.42 -49.86 24.89 -46.25 9.19 -70.73 59.63 -97.97 74.31 -22.53 91.77 -21.25 -3.21 -70.93 92.87 -83.05 -55.35 34.94 49.75 28.87 63.58 -15.84 -17.15 26.98 86.95 29.06 65.87 -85.55 19.67 24.60 88.08 56.00 55.07 -66.41 -72.32 -71.45 -92.36 39.85 -7.76 26.00 -48.47 30.67 89.69 -6.63 -29.84 -33.38 -82.08 45.68 64.18 39.03 -21.73 32.03 -48.03 -42.63 -96.49 -65.79 39.82 85.13 61.92 17.95 -55.54 68.57 -29.37 -4.43 42.96 46.87 -50.83 22.05 63.62 26.34 -67.68 -1.62 -56.89 -24.23 28.43 -5.88 83.08 
48.82 14.73 35.18 -51.73 -12.16 53.11 16.69 50.51 59.32 25.77 36.63 -22.72 -96.09 -30.27 -29.80 64.91 -39.38 -67.73 -41.57 58.48 -73.68 92.36 76.37 91.95 65.46 35.61 -11.13 50.81 99.64 80.39 -67.92 25.23 -44.27 -80.40 -32.84 74.55 -44.98 -72.82 82.87 -98.99 85.79 -91.42 59.81 -52.36 52.16 -29.84 40.54 -79.00 48.36 92.52 -77.53 40.35 31.33 -68.90 36.76 -39.25 -15.84 85.62 0.59 9.16 73.77 -38.22 -20.67 5.85 -98.19 60.81 -5.26 43.77 -25.81 26.86 35.84 60.15 50.79 -17.71 -41.87 68.38 -63.70 -95.78 -74.45 4.84 0.68 -75.26 7.00 -52.81 -94.66 50.85 -2.83 -85.57 26.79 -55.47 30.07 82.97 37.93 94.73 65.64 -72.68 98.13 -7.10 -97.52 -33.33 
74.57 -84.40 79.91 -3.91 -44.03 -22.97 2.62 98.93 -38.31 -55.68 -57.96 69.52 -76.94 99.75 59.33 -98.69 10.00 9.72 63.35 16.38 -94.66 -41.44 -61.23 7.94 55.32 -49.35 2.86 95.84 9.90 44.75 -76.68 -36.97 78.74 39.69 -51.20 11.95 -18.29 92.87 -70.36 -46.19 -70.25 -13.24 90.08 -5.08 28.13 92.86 33.28 51.59 6.57 -39.89 -37.86 27.77 -6.43 53.72 2.44 -95.86 99.02 55.17 34.55 80.00 -10.19 87.14 -51.12 -89.38 -56.45 -5.70 42.70 98.93 19.49 -67.87 -41.92 -42.55 -14.19 -84.54 40.62 55.18 -80.78 -30.11 -40.16 26.00 -85.03 93.95 -71.34 -37.78 -52.67 -85.29 13.83 -23.17 -66.10 -83.73 44.89 89.86 -87.31 64.31 -74.03 15.75 -82.65 65.77 -9.70 21.01 
28.65 -7.77 38.93 51.79 -55.46 -49.57 24.45 -25.03 67.93 -87.67 13.19 -8.97 -4.47 3.38 -51.10 -30.88 -96.83 -16.88 -68.00 -92.85 71.31 20.48 -1.32 -54.73 28.10 -18.24 90.38 36.70 31.26 -18.32 14.00 46.13 -48.41 -82.37 25.46 -95.00 -93.08 -8.86 28.02 -62.50 -37.70 -34.06 11.87 13.88 92.46 -11.14 -2.91 24.34 -32.60 93.81 42.03 -13.17 33.74 -76.85 86.64 97.88 59.57 -78.83 86.20 60.84 72.86 -48.43 -33.76 -59.57 45.17 -99.46 66.92 -87.82 -73.37 -10.64 61.86 77.67 64.17 -27.06 76.03 64.01 -70.83 -37.48 97.30 -29.86 -30.53 -13.23 49.15 -45.53 33.66 89.73 52.95 0.96 10.23 28.48 97.02 -46.40 9.15 -47.26 -29.17 -16.46 -100.00 74.25 84.93 72.66 
73.38 80.43 -88.02 55.92 -10.22 -43.46 -43.72 -24.15 85.60 -0.42 -78.01 8.04 -71.23 -16.82 -27.74 69.36 6.62 13.38 39.37 -71.84 -37.88 -83.19 -47.79 -68.07 -4.47 78.27 73.12 -75.11 -77.49 -43.40 -28.48 78.83 79.50 0.80 -77.50 -7.67 -37.06 -29.50 19.33 29.08 74.52 76.58 46.12 -97.19 65.12 -26.82 68.61 3.04 3.95 70.51 -2.72 -1.21 -20.59 -0.71 -17.24 -42.55 6.63 -72.25 95.97 -15.52 35.56 -95.57 -30.38 31.18 59.16 35.35 -6.73 -76.14 -46.69 78.98 -22.54 43.61 -22.65 3.33 62.45 45.30 89.40 91.13 -13.37 -40.75 -50.78 -69.36 -69.88 49.13 44.34 57.15 -11.21 -53.70 -94.32 89.17 -95.47 55.38 -52.64 -47.99 -43.44 -70.08 -38.03 11.12 -79.55 10.01 
-48.32 -39.75 -81.09 -83.29 29.56 16.56 -80.38 0.66 11.11 5.98 -87.16 81.49 -39.31 -72.88 28.99 10.17 56.36 59.09 71.29 -41.27 -60.18 -38.37 -96.07 26.90 37.53 -53.74 -59.06 0.09 3.40 45.19 73.99 -21.52 22.58 -3.22 2.14 -87.16 43.56 -21.22 88.86 -43.62 75.36 -47.18 -2.92 -51.32 44.85 68.21 36.44 -5.89 0.11 76.79 -30.71 57.48 97.73 37.54 -22.81 99.88 42.30 92.54 -17.59 72.15 96.41 30.39 16.06 94.01 11.81 -58.23 -14.49 93.09 -4.81 -6.21 -67.67 69.87 9.29 94.05 -42.71 83.26 -59.75 -29.28 -61.02 -89.61 -30.75 -66.68 97.21 38.71 39.83 32.13 79.02 -22.28 -97.73 -5.82 99.83 93.55 -9.90 -4.44 14.54 -71.75 83.15 87.11 82.34 45.68 
-78.20 -99.97 74.70 33.17 -37.35 24.33 43.95 -9.20 -4.60 -96.60 43.53 91.69 11.85 81.73 -85.90 33.42 7.96 -6.65 75.39 -21.35 79.49 -83.39 -4.17 -20.05 -6.29 -58.49 -60.32 -18.74 -58.21 -37.57 35.69 98.41 53.25 -75.88 -89.55 54.12 -21.88 -44.90 -2.15 -94.13 -60.18 98.21 54.50 62.62 -74.22 -12.99 25.26 8.05 14.96 80.56 61.33 3.27 80.80 -62.73 40.64 95.53 -9.22 -92.32 -52.59 14.45 -47.95 -36.26 41.08 15.43 -45.45 -85.16 15.72 -89.36 6.28 35.52 76.22 16.31 43.43 49.55 68.92 -66.12 4.80 31.69 -70.66 69.45 -94.87 -78.03 77.83 -77.20 -74.07 15.03 -80.46 -32.88 21.51 53.27 90.85 47.25 36.42 -70.12 -1.71 -26.37 -97.93 -39.70 56.77 14.89 
-9.64 70.51 66.50 86.14 86.58 -76.66 18.89 18.23 36.08 11.54 -5.21 14.38 85.81 -5.11 -17.67 91.56 56.11 -40.52 -51.65 80.94 71.28 96.58 -81.11 -36.54 -17.52 -13.91 -9.66 -4.98 -58.67 -21.75 99.99 10.56 -57.50 -49.45 -17.33 42.92 -99.57 -53.99 -1.35 -27.49 60.24 81.29 18.54 47.45 22.04 3.05 -93.93 -82.83 32.03 -39.35 87.40 84.29 1.74 -85.77 6.98 -5.83 80.87 -42.30 36.43 -9.23 -36.88 18.82 -86.59 -31.25 55.65 -10.86 70.21 -7.65 -52.82 -66.21 26.28 12.17 12.75 -5.44 29.86 -91.11 69.63 53.29 51.99 -36.66 77.49 48.42 -75.04 -19.40 -78.38 -48.73 94.61 96.43 16.05 -82.27 44.75 -23.40 -96.63 22.30 -79.02 23.10 -4.44 -73.39 20.75 51.71 
-19.65 -88.54 76.38 56.09 2.50 71.86 71.96 51.04 9.21 58.00 39.08 -71.73 -42.50 -29.39 -11.71 -48.56 17.13 -90.23 -40.07 -29.81 77.01 72.46 -75.10 -69.17 8.35 -85.89 74.74 77.53 -19.15 64.01 30.83 -37.66 72.46 -82.12 67.27 -87.82 80.22 23.95 84.77 -39.60 40.47 -23.61 1.65 -15.37 57.54 95.56 -94.71 -16.07 69.79 -84.42 -10.63 9.09 -46.63 78.72 44.63 -73.50 -1.20 90.84 -3.46 99.17 -67.23 -70.34 -9.56 -10.90 43.61 27.44 42.65 -54.15 -55.44 -39.05 -47.32 -59.10 64.36 58.03 -88.81 18.60 -8.43 28.03 -43.00 53.58 -18.67 6.28 -10.05 -53.52 31.56 33.27 12.57 59.25 -21.27 21.14 49.91 -33.69 78.26 -71.99 -87.07 -92.68 -75.91 -23.09 -21.93 -63.27 
68.86 -85.45 -73.78 -71.84 -65.18 14.92 -39.91 -72.55 -77.58 -87.69 -54.79 -93.68 37.98 44.13 89.02 17.74 -61.17 -87.05 23.02 -14.59 -49.55 26.96 30.49 30.33 39.67 -50.03 -18.18 85.09 81.48 -18.63 93.55 -39.18 -65.90 1.17 -47.94 -10.73 -89.72 17.37 -96.76 26.19 -56.02 46.08 -13.73 45.14 -18.85 36.42 46.09 -47.28 -53.67 43.38 5.02 -57.33 54.29 36.98 47.23 96.05 -13.42 9.69 -46.10 39.27 -35.62 32.15 32.45 -80.20 -63.44 -40.21 90.64 45.94 16.54 -2.46 -67.30 99.67 81.86 10.58 85.44 -29.37 55.84 26.75 -38.88 -7.83 59.32 26.93 22.39 1.60 -92.79 27.90 18.67 -74.23 4.82 -63.52 -97.20 61.31 -13.13 -77.57 -91.71 62.59 -69.30 -53.48 15.06 -89.98 
43.23 -49.28 -60.36 -73.65 94.79 63.74 -11.08 35.52 34.98 -46.54 -49.86 90.32 -21.05 98.17 43.36 -47.44 -90.12 -17.15 -42.35 39.87 59.89 -12.31 -96.37 -52.95 79.88 64.72 -46.38 -18.37 19.64 -69.82 -27.13 92.68 -59.89 59.26 -85.98 25.02 38.43 80.20 -14.11 58.56 39.51 -68.24 -78.34 -1.86 -46.50 6.06 -88.09 21.25 -80.38 81.99 -26.13 -70.08 -64.66 -64.93 -14.01 80.50 -0.79 59.99 -52.95 -45.28 -22.83 -93.78 -70.63 93.70 -21.64 13.09 78.00 67.31 42.58 86.05 3.85 78.01 72.63 -4.65 -2.06 -35.98 -91.91 9.12 42.56 55.95 4.47 65.46 68.35 17.54 6.52 -36.01 -48.63 13.19 65.65 60.28 96.37 -25.56 -14.23 -2.84 -80.33 -19.22 25.76 39.87 -2.48 -93.42 
-57.67 49.13 -67.08 26.96 95.45 -38.45 -13.32 9.57 11.25 -48.37 -48.85 -83.14 8.91 83.62 38.59 -55.76 -2.95 26.91 -28.06 -79.24 -25.37 3.81 46.97 -64.58 -52.61 -55.00 35.96 67.49 -27.27 -12.68 -29.82 -44.40 47.10 51.06 -51.71 -43.28 36.52 -20.03 -81.91 -62.95 71.57 97.56 12.32 26.61 66.98 -56.90 -38.15 -61.18 -60.65 -2.99 80.27 -12.80 -6.56 -91.14 84.54 -57.52 -59.92 58.52 -64.69 8.78 -10.01 26.26 -37.79 -40.67 79.47 -18.89 -14.14 39.29 -12.73 33.16 -66.05 -67.28 -68.64 -55.58 49.46 12.30 -43.13 77.82 -58.28 91.31 74.73 63.33 -72.32 -31.58 76.39 96.23 81.25 52.39 -0.43 -24.28 -41.27 49.96 -98.01 -75.74 -31.13 68.59 85.49 -2.36 24.12 -71.36 
53.47 -55.55 66.30 -20.53 41.52 5.91 81.90 -71.97 43.11 -75.79 98.16 35.15 -43.49 36.63 -10.24 23.87 -29.48 -53.78 -72.38 -20.34 95.80 57.53 -68.49 -48.70 47.98 -8.55 -47.38 32.04 20.57 -27.06 12.70 -22.98 25.15 -21.87 7.63 87.12 -95.92 -55.32 -97.74 63.78 96.36 88.51 82.45 -67.22 43.76 68.50 14.52 -20.88 -11.67 95.23 -55.44 -58.52 37.89 -23.38 53.40 91.80 -57.42 61.47 -92.49 41.62 77.18 -26.09 -16.33 -97.35 81.14 91.82 87.18 15.83 57.40 13.93 -40.17 -12.44 2.31 62.32 63.19 14.53 22.00 50.80 74.07 -96.52 -90.13 95.64 54.41 79.13 -47.96 66.59 -99.89 4.60 -70.82 -75.85 91.63 96.77 18.53 -62.63 24.70 -69.93 -78.46 21.54 -52.39 -86.80 
72.36 -45.34 -6.27 43.82 73.76 -4.52 11.37 -10.71 -42.00 99.84 94.34 18.91 94.82 -60.18 27.83 -40.87 28.71 -14.32 63.95 -86.44 -24.48 -57.66 -80.96 73.01 53.91 -16.75 -17.91 -66.09 17.36 28.69 63.78 -48.24 -22.30 44.65 -69.34 -18.37 68.68 -93.69 95.21 -60.68 -22.30 -87.59 -19.98 41.81 -13.04 -96.66 14.26 -77.64 46.39 -9.30 51.84 78.52 -66.98 -67.12 -68.81 87.66 29.75 -79.45 30.65 28.41 24.38 46.39 -32.81 47.91 77.16 -24.19 -24.30 42.80 96.10 -60.09 56.42 45.10 -0.20 70.27 -58.22 2.78 77.62 -2.69 -0.46 -38.62 -87.49 95.53 -92.48 -17.90 51.07 -16.74 50.23 49.69 71.63 27.87 -94.37 -26.49 -58.30 -59.37 -33.06 -54.31 56.29 -46.79 -24.51 -17.56 
39.19 -19.17 -25.39 5.11 -54.63 -19.70 -20.92 77.71 -64.32 -21.40 25.42 51.57 27.88 -61.88 93.72 -46.65 -56.45 41.88 -4.22 84.90 97.63 -23.44 64.76 51.97 23.00 70.21 -76.08 10.20 63.73 24.95 15.03 75.04 89.11 76.42 36.45 23.29 -41.93 96.26 -92.11 -9.24 -99.93 -92.11 89.25 73.49 -31.84 -92.97 61.11 -57.04 -25.47 -94.62 -35.85 -74.09 -19.21 -94.60 11.75 -86.82 -79.69 49.80 11.04 -67.11 -42.10 39.50 -40.91 -64.16 -59.89 74.97 -81.48 22.82 -61.25 98.18 -21.89 81.48 -33.17 23.51 19.72 94.98 -21.18 97.14 99.98 12.27 71.95 56.33 21.48 -97.28 -36.68 -89.52 78.28 89.12 31.94 50.35 28.99 10.53 -34.45 -41.73 -22.89 -74.12 -83.60 25.81 33.31 -86.13 
-28.93 85.04 -16.78 37.46 41.26 -37.89 30.70 -32.79 -72.84 64.68 -12.89 69.51 -65.49 -96.24 -39.27 65.14 -96.35 24.27 29.50 -15.89 18.33 -5.94 -27.19 -36.21 48.10 -6.39 86.46 91.89 1.45 -37.78 -38.34 31.94 94.52 -68.50 -72.22 -56.39 -62.37 7.11 58.49 -67.95 54.46 20.75 -46.66 -28.05 -56.43 -57.61 -61.29 64.51 -99.19 7.34 92.74 -23.47 58.22 -45.75 -62.02 -81.61 19.54 35.05 -20.05 9.62 -2.93 55.96 60.76 37.97 92.66 23.36 71.63 -34.15 98.23 -76.34 -9.85 4.37 86.95 -76.98 -75.58 9.31 53.42 -83.38 -3.97 -43.80 -82.02 -23.01 -55.60 69.84 29.23 -29.31 -82.53 98.36 -70.85 -87.05 -22.19 50.90 87.45 -73.28 -48.08 12.93 65.79 -96.10 -53.83 -2.38 
31.21 -30.93 -16.42 -60.38 89.08 -30.82 63.71 -36.41 -22.42 98.92 -98.07 14.82 31.39 36.88 57.48 -13.96 -29.12 31.56 81.69 96.10 64.35 -80.38 28.64 -70.18 -72.09 39.36 57.22 -70.91 61.87 65.99 -86.83 19.48 -92.91 69.93 47.90 22.56 30.19 -84.98 8.49 -56.35 -6.45 83.74 86.55 35.23 31.89 54.81 18.68 -5.06 81.01 -76.47 -97.76 94.39 63.24 58.36 -63.50 -91.63 -29.35 92.27 -96.72 35.02 -65.45 70.30 19.69 -39.05 -62.33 31.53 -28.48 45.42 -17.90 -22.00 77.19 -10.88 95.95 68.84 -97.82 8.75 29.68 95.65 99.06 80.94 96.77 -78.75 37.63 36.07 20.86 -65.65 -58.25 -67.67 -40.86 72.45 -39.30 -22.44 44.56 14.71 -29.57 -48.75 50.00 -38.59 -48.96 91.71 
88.11 95.52 91.02 65.27 -68.66 30.47 31.32 88.02 55.87 -73.81 27.82 3.85 22.01 -10.83 9.99 -14.94 -26.18 -1.74 27.92 -20.45 37.77 7.81 -86.40 45.36 -79.07 5.02 -36.82 23.77 -80.98 17.91 59.52 -27.64 -7.30 65.93 -21.57 -57.90 65.30 -19.37 2.73 10.60 8.37 -34.24 11.39 17.20 71.64 98.28 -89.86 -32.71 75.24 16.30 -72.24 -83.86 5.80 -79.76 -81.55 95.80 26.75 -59.57 0.87 -31.96 -68.95 -77.86 67.32 79.79 1.25 71.64 70.87 2.52 -92.09 35.72 83.30 -11.05 -63.75 16.50 -55.59 46.49 -60.19 25.92 69.59 -27.84 16.57 -23.30 -97.74 73.31 15.42 97.87 -20.84 -36.39 48.61 -72.15 -33.65 -51.99 -93.30 -29.47 33.80 -87.43 -7.12 51.44 -45.07 -76.91 
79.94 -46.06 58.97 -52.09 -24.50 -82.77 -42.31 40.69 -70.06 -28.19 12.12 -61.04 76.75 -16.29 -88.87 -27.37 -12.03 69.85 -9.35 -87.36 -40.75 -32.55 -95.32 -95.46 2.08 3.52 33.54 32.89 -41.10 -13.72 58.16 82.93 -50.16 -6.67 59.02 97.06 10.58 76.90 43.34 -94.36 69.83 -69.47 30.79 20.41 61.72 -32.57 -10.38 -62.20 39.43 62.52 64.01 45.93 -46.87 -34.24 -27.25 -14.08 -60.72 88.85 -89.29 -61.29 91.04 -61.78 71.16 -85.95 79.82 53.79 72.55 88.71 51.65 47.39 45.63 -4.57 48.08 -63.05 17.53 25.02 -32.92 84.91 -66.00 86.72 17.78 57.80 -11.86 -88.41 41.36 -91.74 -4.59 75.44 76.53 87.15 61.27 18.16 39.88 64.80 8.57 26.22 99.36 -96.84 70.83 63.51 
3.54 89.86 58.56 -41.30 48.44 99.72 62.17 26.96 -95.70 -20.40 57.93 28.71 14.18 17.23 49.00 70.96 -86.23 49.08 33.71 -43.05 96.62 3.07 -50.78 -3.73 -97.22 -42.91 -15.33 -89.59 -21.73 59.27 66.00 -58.96 -50.84 -87.04 -53.04 -77.70 6.88 6.62 90.43 -27.66 -59.87 -84.97 -93.17 -12.86 -27.09 -91.88 13.04 -67.57 28.08 -21.11 -37.79 82.75 31.67 -9.91 77.82 69.48 3.18 17.53 -49.55 -28.43 15.65 1.63 9.13 -8.20 32.54 90.56 53.98 -59.40 -9.65 -37.80 7.89 -84.70 -17.80 93.01 56.38 -59.09 69.00 -80.37 -33.71 -29.93 -83.80 85.71 87.13 -7.54 -96.14 34.11 -46.26 24.97 -59.61 73.26 90.01 17.97 -11.92 81.08 -30.61 -45.74 91.34 32.78 77.83 -53.05 
12.36 -83.05 66.18 53.12 -80.08 63.32 -77.62 -17.18 -35.86 8.78 85.88 94.17 -31.08 -66.46 41.06 -86.86 -4.48 -48.39 -84.51 80.21 57.54 54.98 -7.40 -86.28 -93.94 -44.83 -68.76 91.52 -43.75 -36.28 -43.61 39.42 -44.29 -62.60 -91.59 20.58 -54.79 -6.80 -85.29 -99.29 21.58 85.19 48.48 17.00 -23.24 89.97 94.60 45.79 17.17 47.49 -74.03 15.54 -41.55 71.59 -74.63 -37.91 -63.31 -93.54 -78.40 66.17 54.02 -33.99 -6.24 52.41 -8.08 62.84 -65.89 53.90 -4.48 -90.56 -94.99 11.56 -3.00 -36.04 91.47 66.84 -92.90 -4.68 -47.21 -95.30 73.18 35.72 8.32 -89.46 36.42 61.80 68.13 68.22 23.61 45.38 -38.56 -66.47 91.23 -21.30 -59.30 -97.58 38.93 26.36 22.44 63.20 
-76.61 -49.23 -36.90 83.12 65.61 58.50 -45.19 61.79 28.23 -54.80 -37.69 -23.31 -4.05 -68.86 -48.08 66.98 24.44 40.54 -20.80 39.37 87.39 -2.52 -48.05 -38.44 85.09 -12.73 0.26 47.17 -27.17 43.32 76.03 -20.85 20.45 -93.74 -77.84 -95.05 -84.82 -87.43 4.74 79.21 70.07 -77.05 40.68 -52.90 32.66 -36.35 -13.57 -86.60 78.80 -99.40 63.73 36.59 38.01 -88.75 34.40 -78.57 -3.58 -76.10 -27.99 -91.83 -62.43 23.88 -57.10 9.90 19.72 -74.70 -93.81 -40.54 23.91 -66.66 2.31 -64.21 59.28 91.84 -21.38 50.76 69.57 27.36 -30.94 11.43 71.46 84.27 -95.94 76.29 78.87 -52.69 -28.68 16.48 36.46 63.07 4.69 -30.18 -66.90 -76.29 -14.41 41.56 97.03 70.95 -45.15 -55.52 
-44.98 33.00 -8.81 16.62 70.86 31.33 75.46 -23.50 41.02 27.89 12.93 -32.03 62.75 -84.78 -10.15 -7.30 -83.98 14.26 -28.26 -66.50 18.93 -53.96 83.17 8.89 -57.90 58.88 -20.02 -5.34 33.21 55.92 70.94 -73.21 -85.46 15.41 30.04 -16.33 -61.18 67.85 37.46 -20.18 -96.18 26.73 22.06 63.64 -83.58 -74.09 -80.76 13.99 45.35 45.49 52.10 38.58 -23.25 -49.36 -90.28 3.86 41.38 -95.57 99.71 -38.21 -79.69 -10.10 -31.85 -58.24 68.62 -2.98 -41.66 31.66 -35.59 -30.26 55.04 88.47 77.25 -99.99 11.86 25.46 65.03 49.80 -78.92 -64.50 40.84 -68.64 46.31 -0.56 -36.73 98.88 89.52 95.44 53.22 -70.45 52.45 -77.05 96.29 -42.49 -73.01 -32.68 1.86 -97.42 -43.02 -62.72 
-26.76 -90.35 -97.58 87.31 1.82 -97.16 -81.21 36.66 -74.56 9.17 -71.41 -40.45 -38.01 -46.63 92.01 36.25 4.41 -25.27 33.23 26.33 6.98 -82.37 -92.59 -80.38 -23.79 52.21 -24.88 -89.63 31.08 -55.13 -56.33 -79.46 7.71 49.94 33.56 30.59 9.57 -42.28 -66.01 -21.44 59.76 -51.47 24.40 16.25 -94.89 -32.41 -50.47 -75.80 89.93 -8.97 -87.45 -91.46 0.98 -25.76 -35.29 -90.58 -77.83 83.69 85.55 58.15 94.59 64.75 -52.04 -61.50 -40.38 18.43 88.03 70.57 47.13 17.63 93.63 -69.10 -43.05 -60.32 70.66 42.55 67.29 74.74 -34.12 -62.04 -27.27 60.66 36.95 -74.09 -98.73 90.31 67.66 -46.81 54.62 30.78 -72.40 61.20 43.95 0.75 -9.13 -32.27 -14.16 -89.29 -14.60 60.44 
-49.65 21.19 -33.70 -45.93 43.22 75.93 76.04 38.22 35.26 17.62 -0.42 -49.28 35.42 -29.66 -6.43 28.28 51.82 73.29 -35.83 -74.95 34.47 95.52 33.62 -17.55 -46.36 13.83 45.74 33.82 -68.29 -17.26 -97.68 -24.23 52.06 72.59 14.82 -66.59 -41.73 40.85 -50.50 -68.10 -96.10 -65.72 -13.31 -33.10 27.11 1.19 68.42 89.86 75.29 -69.16 54.51 -1.87 25.38 97.68 47.94 -75.73 60.84 -82.83 14.53 -29.77 -87.07 76.28 -62.81 -74.05 -68.84 -62.85 67.33 36.49 -10.56 -76.66 -75.78 -71.72 31.18 81.74 51.82 -53.59 -85.04 59.14 4.16 37.40 -35.89 91.74 -60.90 -94.13 -29.35 71.14 44.63 88.58 97.19 7.07 78.16 48.75 63.17 -78.91 93.83 20.29 98.49 73.83 -63.49 -66.41 
-35.18 -43.81 -41.83 -99.04 -42.50 53.70 25.60 -14.51 99.05 -45.88 10.70 25.40 89.10 47.89 33.63 -7.43 -41.09 -80.11 -77.96 86.70 -56.99 22.26 -18.41 77.84 -60.19 -51.62 51.31 -12.05 44.29 35.58 69.52 38.63 75.77 -34.21 -85.44 -21.48 -99.20 15.53 38.61 20.49 10.61 -26.04 76.84 -98.38 -15.77 74.57 -5.11 39.83 52.73 -10.40 -79.70 -47.47 -37.66 16.06 62.89 21.69 -25.56 -27.98 57.46 -83.39 93.96 19.58 -73.29 38.89 38.64 -24.05 -86.66 85.42 9.53 31.52 73.35 1.63 -2.03 -91.69 52.72 73.73 -37.86 -22.64 -52.70 8.55 97.96 83.92 -88.93 -76.05 -76.21 50.17 75.10 4.19 -20.81 -37.35 -9.80 -53.91 6.87 -62.09 -26.58 -86.63 58.19 93.86 -65.02 -26.06 
-83.09 -33.96 49.53 -42.03 -84.33 -49.86 -29.05 74.86 40.63 -51.93 -76.41 -45.13 42.73 -98.50 -65.01 14.23 -7.62 63.48 -72.14 -39.66 -82.89 -87.27 40.95 -27.80 -8.74 94.53 45.96 -6.05 64.76 38.93 52.96 -44.34 94.86 -47.36 -18.03 6.24 -15.09 -53.57 15.16 62.86 80.26 23.82 4.21 -21.13 -77.12 -88.38 98.26 90.46 61.16 -42.68 7.90 -31.09 88.45 -41.00 27.67 37.37 -98.12 50.45 69.92 -6.02 -47.33 62.58 37.22 -34.74 44.15 -92.64 64.46 -15.27 47.43 76.72 32.92 -98.19 -62.78 -23.02 -52.05 -62.96 -79.37 -79.25 45.96 -84.65 -39.31 -7.11 93.27 -50.39 -78.22 44.01 -33.90 -14.02 -80.47 -87.03 -69.64 21.03 -93.79 -15.86 -78.34 -31.81 -84.88 13.07 10.85 -2.64 
77.85 -24.17 77.41 -98.40 50.08 16.50 92.48 48.08 -53.55 -38.19 99.57 -70.46 70.40 49.78 -38.44 -53.35 45.01 30.07 -58.54 -51.41 -6.05 26.88 14.88 -62.39 89.43 3.85 92.67 -88.94 27.17 -5.67 -97.02 80.66 84.16 15.82 76.37 -27.55 24.83 75.04 -27.96 78.03 0.11 -79.21 11.60 -88.41 60.59 18.40 30.59 -82.93 30.34 67.40 -0.84 33.91 -34.15 -3.57 68.83 38.94 -80.06 69.04 71.91 71.12 -2.20 18.81 45.47 -92.53 21.86 59.29 -41.09 -97.40 30.16 37.74 52.42 20.11 -31.43 44.52 58.94 -76.19 21.40 2.11 74.54 -73.71 -49.66 -60.14 -46.90 -91.71 -29.94 -94.02 -26.66 6.13 -44.90 67.30 5.48 -0.10 -57.21 -87.35 62.02 -78.74 -5.52 -94.31 -46.42 74.16 
-11.12 -90.81 -39.98 -17.56 -54.58 3.90 67.65 49.86 -7.12 91.98 -72.27 -69.67 -84.01 40.83 -85.39 73.21 81.65 -67.23 85.07 12.71 -58.18 -93.26 -63.97 -51.01 27.93 -89.66 -96.23 16.72 -27.99 -44.01 79.37 -67.54 -49.71 -88.69 7.40 -0.14 -95.14 52.89 -76.47 -76.91 90.75 15.71 69.21 -40.11 73.81 -9.10 -84.17 -72.37 -46.85 49.15 44.69 26.45 80.66 32.22 -65.75 1.11 -1.81 50.74 51.39 -94.50 -68.08 9.85 -34.65 -4.17 -97.33 -94.41 -37.85 81.13 81.11 89.77 -72.08 77.38 50.41 -6.28 33.13 -57.21 48.32 -42.60 -42.98 40.06 -7.35 -68.95 -46.25 -45.28 -20.37 67.64 -7.32 50.21 30.87 -17.73 18.98 64.61 -3.09 -63.03 60.78 66.79 -41.57 8.12 43.60 40.90 
42.06 44.02 23.51 18.81 73.89 65.60 77.21 34.86 7.04 0.38 -97.12 -67.67 33.21 73.95 77.22 75.10 -92.58 -17.10 -75.57 -68.87 -71.45 49.85 -7.54 -54.69 -99.81 -58.52 -26.75 -58.77 41.88 74.52 -22.99 -29.03 -97.67 80.08 -19.76 -43.69 -59.45 -66.09 -28.33 79.83 -25.24 72.25 73.19 -91.80 56.68 76.52 22.94 25.61 -26.71 24.72 55.18 6.19 -48.85 81.41 91.58 86.13 32.16 42.81 56.79 -74.29 -63.70 -9.02 -50.09 47.08 -86.73 -94.14 -3.65 -31.42 9.66 19.46 52.88 -82.13 -57.93 53.55 80.36 -10.75 79.71 -66.69 -28.48 63.78 63.50 4.35 -94.54 -27.28 13.38 -22.53 36.03 -92.83 1.87 -94.18 -19.13 -7.92 39.16 -73.62 99.31 19.08 -11.14 -33.79 -87.03 -31.00 
-18.58 -57.67 -49.93 -76.54 59.51 55.49 -33.92 59.75 -25.96 -55.15 54.01 33.72 -18.51 -23.18 62.58 44.83 -8.96 -89.73 -15.81 21.31 90.97 83.67 -51.81 65.20 29.89 60.60 -17.86 16.57 -57.02 -90.98 83.19 89.08 64.51 -13.61 76.00 -43.14 90.69 -69.72 88.10 -6.46 -56.80 3.40 -83.83 -54.53 -25.28 99.51 -95.84 -44.71 33.16 13.54 0.09 98.24 85.74 -49.56 -15.98 22.48 -71.57 -29.37 -82.67 -89.63 -27.81 24.94 -45.06 99.15 58.45 70.35 13.36 27.13 -31.75 -6.20 89.00 -23.84 -5.29 -75.71 -33.16 -66.95 70.89 70.14 38.93 -59.68 20.56 -84.16 85.93 -56.24 66.44 6.15 -84.13 5.42 -50.27 93.58 62.71 76.33 -8.17 46.00 -97.74 -51.86 -65.20 -85.27 -38.06 61.97 
73.06 -30.05 53.49 48.11 77.31 -67.75 -5.49 -58.69 19.76 34.78 44.83 -21.21 -49.90 3.29 -55.53 -27.56 37.56 92.53 -74.23 -40.37 51.99 52.98 69.39 27.93 -85.19 88.59 -25.58 22.11 58.78 34.31 44.66 62.16 -99.13 -34.33 -25.33 -76.30 -64.79 9.45 -1.79 30.44 78.37 25.10 27.17 -53.75 97.61 -60.44 30.20 -54.46 -44.95 -37.03 -60.51 -78.23 55.12 -0.48 7.84 7.50 -99.26 48.94 8.91 20.84 -56.78 90.84 85.99 79.54 31.74 95.23 -60.63 3.98 72.54 50.81 -1.94 90.49 -73.60 36.59 56.50 -94.32 87.87 71.63 -66.41 52.91 25.30 70.23 51.38 -55.41 -36.61 74.72 -85.55 -74.04 52.26 93.74 86.01 -36.34 -12.98 -22.24 -33.09 -50.94 74.93 -59.95 -4.41 -94.05 
67.28 24.68 -4.06 -42.54 21.17 -66.79 25.04 -89.07 75.08 99.11 -52.95 -39.42 20.76 38.36 -36.59 88.77 -61.87 45.50 -32.54 71.53 -30.23 -89.61 -52.33 -75.58 -73.76 87.09 96.44 -54.99 7.28 -49.52 63.76 90.34 18.99 32.74 41.72 60.21 -61.43 10.98 51.94 86.20 -15.70 -58.57 18.34 61.72 -89.23 21.27 -61.93 -38.40 72.89 42.92 -24.09 43.09 93.38 45.63 -9.97 -79.27 84.42 0.67 58.85 -49.00 -4.15 52.65 22.22 -36.48 -37.82 -84.45 8.98 0.04 -11.64 23.80 -86.96 -69.65 -23.98 -27.79 47.93 49.07 58.63 36.60 41.71 52.30 -22.99 60.50 35.83 94.52 -11.44 -96.29 7.95 66.83 47.11 48.34 -26.38 65.62 -69.03 61.18 21.10 -93.10 37.13 2.91 4.99 -59.15 
73.80 -75.75 25.66 -45.21 -42.38 78.45 58.37 64.49 64.32 77.19 -3.42 -51.41 -35.65 31.91 -10.17 -9.39 -72.39 -73.40 76.25 -3.61 78.31 -8.96 86.75 -28.72 65.74 -35.31 -13.98 -60.69 7.53 91.14 54.08 98.34 4.37 -85.97 12.06 -93.87 -81.72 -56.23 81.31 45.17 98.22 30.77 9.42 25.60 -73.57 78.29 -12.85 52.82 70.21 74.76 21.69 56.34 28.11 24.62 -93.01 83.74 -73.57 -64.96 -54.39 83.90 -84.44 94.70 -52.12 39.67 83.46 50.63 -28.49 92.06 23.39 85.10 -64.99 18.95 -92.89 68.21 86.61 -40.39 -12.70 15.96 -54.87 17.90 -6.02 78.41 90.38 53.15 14.01 91.22 -1.12 -11.53 76.98 -69.04 -59.44 -45.47 80.01 -1.87 84.09 -88.42 -14.83 67.92 -30.81 -33.65 
-31.70 -14.28 54.25 2.52 27.03 57.61 -67.55 -21.18 -2.81 19.78 17.39 52.37 -19.97 -71.41 -91.06 51.23 -52.41 -59.17 78.41 94.92 -34.04 85.81 50.06 20.18 -63.09 11.03 -19.03 -18.29 -32.28 -20.63 -28.42 1.42 59.55 50.95 -73.96 -24.03 -93.89 32.88 -61.56 -18.99 -36.23 30.72 -6.20 -39.13 -42.38 97.94 -35.93 97.73 12.14 -76.33 -7.75 27.91 64.46 -81.57 -70.90 -32.30 -6.14 75.17 21.91 83.43 -2.79 86.69 52.48 -67.72 -43.78 40.03 64.00 -12.05 -26.14 -87.57 -77.62 -90.39 26.75 52.25 -9.29 -16.34 10.84 83.35 -67.23 97.10 77.63 -85.36 -70.84 -62.94 -56.13 -90.44 11.85 86.13 94.81 -76.03 98.85 -80.03 -9.67 -70.13 66.49 -98.45 -90.31 7.90 98.11 -75.65 
-58.23 -17.98 -15.06 -62.50 -70.42 -41.21 -99.04 -3.63 31.22 -89.04 -47.61 -95.27 -96.17 -95.44 -49.87 -12.92 -39.66 73.79 -85.66 -98.39 -13.97 88.50 82.81 24.90 56.83 52.97 -75.31 12.00 9.58 80.96 9.11 -50.60 -1.20 19.41 -89.52 -26.27 55.57 -52.10 10.67 62.69 68.14 -3.80 49.58 -67.39 38.24 68.09 -87.79 72.80 95.83 31.30 62.41 -4.64 -99.47 51.83 -96.72 -52.72 64.22 -44.13 67.62 -56.20 -70.86 93.38 -89.97 -69.89 -71.99 -72.61 -41.02 -72.25 28.39 -35.56 25.75 9.62 1.32 70.54 -39.74 95.18 -22.65 10.99 16.67 72.52 37.71 19.98 97.62 35.60 61.73 -23.98 -90.17 -42.30 -49.79 -80.52 -94.11 -19.62 -57.42 -52.02 -63.18 19.04 -58.33 57.17 39.30 0.48 
-70.08 83.08 60.48 -36.30 91.43 42.97 58.58 -70.83 -86.29 -22.95 66.35 85.68 -45.99 90.57 37.60 -56.69 -48.38 19.54 -8.65 17.96 89.39 82.26 74.60 96.48 -53.64 19.95 -55.09 -32.59 -80.48 12.59 -43.25 -77.80 69.15 -24.63 -9.51 4.51 62.97 57.79 23.86 -4.11 -29.64 56.77 -0.18 -49.30 -90.01 -23.89 15.27 18.65 47.32 60.25 -46.35 -27.02 -66.23 -34.57 38.63 -58.48 -31.51 -43.71 11.93 14.74 -78.72 99.69 53.52 5.97 -5.29 63.15 35.35 35.30 16.53 -40.94 36.26 34.21 86.11 -71.58 -9.61 -67.52 -36.15 -48.79 -82.65 -55.65 -58.03 35.98 -98.23 -15.61 -41.99 -91.66 18.49 -79.57 81.52 55.49 -89.81 -68.32 -37.91 28.31 41.80 83.56 28.58 -77.30 85.61 25.19 
-29.42 62.63 98.76 3.84 -24.46 37.44 57.51 31.55 3.40 1.24 50.92 93.65 83.82 13.18 -95.70 -68.35 10.14 -73.85 46.84 -55.96 -53.08 -61.57 47.78 32.56 56.82 -22.13 -22.53 -71.66 90.60 34.98 0.47 73.19 34.61 96.64 26.43 -43.78 -28.70 79.07 54.13 -94.18 -0.24 -99.07 80.21 -22.94 -80.31 -9.68 -71.53 55.28 -28.67 -86.44 37.83 62.92 -22.80 92.67 13.31 -89.14 83.84 -22.48 -9.54 -69.05 -95.79 -86.48 -9.28 -97.19 -20.76 1.78 -84.35 68.82 71.83 -35.85 2.21 -96.99 -25.32 74.18 10.95 -90.68 36.51 -78.47 -60.57 -40.34 -9.33 -0.37 -13.18 -57.29 -64.82 28.77 -53.29 -14.92 73.48 4.69 99.12 65.49 -86.80 62.87 26.44 64.85 -86.21 -21.32 -86.24 -98.13 
-1.23 -86.61 86.59 71.30 89.55 -57.08 -40.51 -45.47 66.80 49.00 97.60 26.62 51.43 12.56 67.90 96.68 40.20 -18.17 99.06 58.59 60.54 -55.99 82.97 80.76 31.28 -9.77 85.00 17.03 -87.25 -40.18 -3.37 -49.94 -17.21 -62.96 87.67 60.60 -73.92 -5.49 74.37 -88.84 50.15 14.85 9.48 49.13 -88.24 56.58 32.17 62.84 55.39 84.08 -7.23 -98.21 -69.44 42.39 -31.03 39.18 40.06 -70.51 -31.85 -34.46 -92.25 70.75 60.16 89.87 -93.65 -28.99 -81.34 26.52 54.74 86.29 -27.00 62.43 -52.61 -5.72 33.19 97.12 -13.55 22.46 -74.34 -44.44 -20.90 -78.48 92.48 -72.20 37.42 -78.77 47.27 -80.11 -40.66 -49.10 -19.62 -16.57 -34.42 81.32 -41.89 96.50 -39.97 -88.82 45.68 50.71 
8.31 -27.17 -41.26 -8.36 -4.12 94.01 -44.19 75.23 19.25 -58.20 13.18 -8.06 50.41 45.69 -54.16 -92.73 28.82 -72.36 39.45 -6.74 90.53 -20.18 34.50 -48.17 86.63 -24.74 -77.01 72.02 -69.37 -9.89 -87.09 -38.94 -68.17 91.86 -1.76 -76.66 37.08 -42.09 67.46 -45.66 -18.11 90.50 -88.67 -68.63 8.94 -86.94 63.20 88.76 29.46 -32.61 46.36 23.82 24.93 -24.40 54.75 9.23 -65.51 -22.02 -95.43 -1.75 -32.73 89.89 41.24 62.51 77.16 -37.46 -27.47 0.54 31.30 1.42 89.85 -98.79 -77.12 90.49 -23.30 45.58 -48.75 1.09 45.05 55.20 55.60 24.61 -1.98 -15.56 -82.31 -95.71 21.66 -11.43 50.03 -83.70 29.04 81.44 -32.14 58.54 -33.40 -22.71 -93.85 93.84 69.34 -44.15 
-29.52 71.67 -71.59 -45.13 -10.90 -85.62 -23.88 -27.27 -33.65 91.25 -66.29 -74.29 -5.96 9.05 4.17 59.37 77.86 -1.53 -59.99 -25.58 87.12 69.73 85.53 75.20 -10.73 2.04 76.98 12.26 2.64 -51.83 -90.66 -10.38 59.87 18.74 -62.39 61.45 -17.05 -76.15 72.99 -1.19 20.96 -22.78 -34.13 -48.07 73.56 -64.80 -72.81 -10.86 -5.59 39.72 82.13 28.68 19.21 8.51 87.63 68.25 -35.32 -3.96 39.37 -63.21 -50.62 -28.62 -64.73 33.36 22.47 52.33 18.55 -17.97 55.63 -52.62 -95.57 94.56 -47.11 61.22 -51.59 -12.16 -51.54 -6.15 98.51 39.76 74.06 -45.14 -52.33 33.02 -52.73 -71.00 -60.58 85.38 24.79 -86.16 4.35 -67.17 -96.49 -38.90 -84.98 -82.69 73.13 60.17 -25.20 87.13 
78.26 75.54 69.79 -33.68 -72.37 -45.30 -33.75 90.56 -73.65 95.37 -96.38 -51.61 74.34 -51.71 -85.22 -12.21 -21.59 30.18 94.87 -48.44 45.02 7.01 82.96 -16.08 -78.57 25.97 54.95 -12.63 -49.70 20.75 -35.88 -56.84 -31.99 -91.91 30.40 54.88 -42.13 -96.88 71.12 -88.62 -64.17 23.18 13.45 96.31 -97.13 -71.25 -70.84 80.73 -28.14 31.57 -43.76 -74.23 -36.13 99.53 -26.62 27.65 20.94 78.84 9.12 16.06 -25.30 -17.81 -3.48 94.13 -47.34 36.97 73.17 -92.87 22.10 -24.09 -97.97 -82.08 -84.08 84.53 -8.59 -18.53 -32.89 31.31 -56.85 -66.59 4.61 35.38 33.59 -40.65 46.58 65.98 62.70 -82.89 -45.52 -99.76 19.25 27.82 98.24 46.80 65.32 -58.38 -72.48 29.59 34.99 -87.61 
-91.57 -2.46 -56.06 10.04 97.63 -61.09 99.54 45.86 -26.69 -59.84 -87.70 -91.35 79.93 54.01 86.60 66.49 93.01 68.14 57.87 -2.10 48.94 20.84 65.85 2.28 69.57 88.84 -76.32 -96.52 31.56 -58.02 -72.32 49.02 56.66 76.95 55.92 9.94 51.06 64.77 -37.58 -60.24 84.33 -80.87 -52.74 -70.72 23.51 -49.56 -89.89 80.21 -93.79 -68.98 -3.62 98.02 -3.47 90.63 98.21 66.14 -25.13 7.85 -59.38 -96.32 -4.75 -95.80 -94.51 7.36 -37.59 -24.20 89.98 -85.61 -81.80 7.58 59.88 -67.12 -82.64 -96.37 -25.94 47.57 -24.23 81.27 -23.12 33.86 19.57 97.84 36.96 67.58 13.58 -54.80 73.63 -25.66 78.54 7.99 74.65 -67.45 -1.26 74.67 50.63 38.80 30.18 -82.23 -94.82 -90.31 
71.17 -0.83 -93.88 59.93 14.43 79.51 41.89 77.31 63.04 43.07 -32.44 65.57 -24.73 -49.13 50.82 28.93 59.83 7.12 -85.72 2.45 11.19 -38.32 71.11 42.78 -97.69 59.70 65.59 11.63 56.34 -10.51 2.81 30.16 49.48 -27.29 -92.96 -12.27 16.53 42.91 93.65 -61.92 43.32 -77.52 0.82 96.37 47.88 23.78 95.37 -2.09 40.19 28.44 -73.88 63.43 57.50 38.65 40.53 -61.08 22.96 19.82 72.77 -23.39 -38.16 25.89 -84.79 -77.79 -12.25 82.48 -34.39 -67.11 52.88 -26.03 -55.55 -19.29 48.34 94.63 -24.84 88.65 47.53 51.07 25.35 -84.12 -14.21 13.00 40.11 24.07 83.87 66.81 -31.18 -56.36 -95.66 -68.99 60.92 29.91 96.19 -82.44 59.51 5.13 32.01 18.06 77.42 -7.13 
13.97 4.75 88.96 24.04 41.85 -60.92 49.38 34.57 50.41 98.64 -83.34 88.29 -18.75 -62.21 -33.66 -97.98 -84.14 -63.31 -74.82 9.17 -75.52 -48.26 12.90 -87.71 -42.43 -93.31 -45.00 33.55 -67.66 93.17 -44.72 39.17 28.38 30.50 86.95 -13.13 -71.95 9.64 -61.06 -20.31 33.50 -31.14 6.38 -89.10 -86.99 -96.02 40.02 44.68 29.91 -11.92 17.04 -24.07 29.83 -6.89 45.44 49.89 35.53 47.17 -49.77 35.24 50.56 43.04 42.13 31.84 83.16 -35.86 -15.10 -49.20 99.11 -60.79 -61.27 53.72 -13.29 -22.70 -45.46 34.83 -18.20 66.02 74.52 7.79 24.65 37.82 74.97 53.73 -9.22 -92.77 70.39 -45.13 83.29 -93.93 -35.03 80.37 -65.39 20.47 -68.19 47.07 -69.73 -58.98 -24.75 69.89 
