11
15.86 61.51 19.79 84.03 94.27 -63.10 37.39 -62.23 -41.54 3.28 -7.11 
84.53 -58.76 29.61 29.42 3.93 25.82 -32.36 59.53 -32.11 -31.20 96.67 
67.75 -50.37 6.37 -23.51 16.49 -4.57 -3.27 -12.13 -3.04 -68.55 16.82 
-69.89 -29.62 57.17 44.90 61.33 -15.97 9.49 74.74 89.81 50.97 5.16 
9.17 66.51 -47.55 7.76 2.83 -68.37 -86.31 3.64 -78.22 -98.06 -85.34 
45.23 35.53 -53.51 75.14 14.24 52.70 -2.28 -4.34 15.14 70.50 85.91 
20.59 -3.82 0.23 -24.93 -42.76 21.53 -71.35 -58.41 -28.92 87.90 -35.64 
-19.37 -89.91 -69.39 11.91 -73.84 37.17 17.66 18.57 -86.57 97.96 -66.05 
-20.15 0.59 -85.07 15.10 -41.88 -67.30 -64.80 49.98 66.22 -54.53 57.32 
-99.94 -93.91 89.09 87.00 -2.13 12.54 -11.10 92.17 69.81 -28.21 -50.76 
-8.89 38.93 11.10 32.52 -42.68 48.35 -97.45 -98.22 -11.46 2.33 -5.12 
