10
-88.31 -35.84 70.39 -30.47 -81.96 32.51 -2.83 46.94 -98.47 -60.31 
-33.05 -93.30 14.82 82.31 -85.26 63.69 22.43 -91.02 -5.32 -17.20 
-72.19 69.00 -43.84 36.34 -32.30 -36.03 83.39 41.57 -23.11 -46.22 
-14.15 -25.86 -88.54 -62.30 28.65 -53.35 81.26 94.57 64.81 -22.82 
10.51 -9.16 -85.41 99.92 -71.94 77.80 51.50 22.41 84.94 -21.68 
70.24 -93.67 72.97 58.81 82.92 -70.99 -22.64 4.99 9.03 48.87 
43.08 39.85 -91.20 -49.56 73.87 69.17 -55.50 72.93 -16.12 -98.48 
-96.47 -24.44 -13.15 38.40 43.50 38.41 22.62 29.38 81.99 -18.70 
-78.49 47.72 -17.72 -44.09 -2.21 28.62 -64.10 -0.59 -28.25 56.22 
-39.30 -66.34 76.92 79.58 69.99 -61.20 59.23 55.13 57.42 -25.89
