20
-55.74 -12.30 35.38 71.93 -18.95 -40.58 -28.19 -6.14 11.33 49.44 19.67 -49.91 -92.00 64.50 -32.20 62.27 -38.95 48.37 10.41 -58.63 
95.68 -16.44 -28.90 71.23 -70.30 42.01 77.24 -65.75 -84.70 -84.56 -23.46 -56.64 34.00 -28.08 -62.86 -71.76 -58.44 -11.15 38.04 -46.16 
18.03 89.50 -6.41 20.06 24.20 86.63 40.94 -74.01 64.52 -11.59 -30.87 37.90 98.10 64.34 -83.38 -17.92 48.30 -47.07 54.17 -35.13 
67.58 -21.73 -59.77 80.75 -11.22 97.19 33.37 34.05 10.34 -23.69 -62.92 -3.92 89.36 4.86 25.67 -23.86 -83.67 5.24 24.49 -65.01 
-16.72 -28.31 10.09 83.94 -89.64 -40.59 86.30 11.44 -48.13 -81.84 -96.14 -83.02 -67.04 68.47 39.89 28.09 48.39 -3.75 63.04 -67.11 
-42.13 36.05 -72.87 -96.83 81.54 -16.52 69.47 37.67 -84.25 -88.67 47.80 -41.40 -25.85 -42.32 78.30 76.33 -34.98 -47.28 78.98 9.18 
64.95 5.75 46.88 -68.36 -30.66 -40.04 93.13 -24.46 -99.17 -65.45 37.70 86.47 -76.47 59.77 3.52 33.10 66.90 -50.02 -57.52 -18.33 
-19.41 51.93 -0.40 -94.07 68.46 0.97 72.34 -43.90 -23.50 -98.42 14.39 -23.82 -83.24 -40.95 20.02 -60.79 29.52 66.05 -73.69 85.66 
35.09 -65.95 73.72 -77.20 73.59 -42.48 51.63 -27.56 -33.68 51.12 99.39 82.60 -73.74 50.86 56.94 -81.94 23.73 -35.16 -56.34 -76.95 
-93.59 -26.43 48.98 -45.81 27.53 56.57 56.79 -52.08 -27.98 48.63 86.43 -80.46 -80.43 -11.41 18.97 18.07 35.29 -71.39 31.10 -43.85 
83.20 -31.65 -71.16 9.23 4.19 43.28 -12.73 -40.64 82.34 -33.26 6.31 -92.40 -75.70 -44.94 -30.45 58.72 78.21 44.49 1.81 -42.74 
61.29 4.69 -54.39 23.92 -70.88 -6.02 -6.26 8.34 -97.97 13.76 11.31 -39.79 -97.26 66.40 62.26 -24.92 81.85 -7.60 -2.37 66.55 
88.44 -53.69 -31.86 -41.93 -62.38 -61.46 -29.99 25.12 -96.85 -32.00 -85.95 13.72 60.76 -1.69 -77.85 -84.09 -6.61 -5.22 -87.96 -94.78 
-93.47 -26.81 -96.79 -58.53 67.11 -83.25 31.86 -91.36 -78.51 37.47 -92.03 -90.57 -89.38 -2.64 -19.19 -87.63 -98.59 -68.65 -49.46 -71.97 
-19.57 93.70 61.81 -80.61 -19.95 -15.37 -18.70 49.50 -10.41 27.11 -38.36 -53.00 -87.61 24.81 -19.79 -79.95 -38.30 -57.88 -96.98 25.74 
11.59 -11.92 31.77 37.48 38.61 69.42 -33.04 -17.48 68.29 -66.63 11.87 25.83 -40.29 -11.74 -92.54 -11.19 -97.71 -15.93 -19.72 -12.50 
-26.75 -20.51 -26.19 -39.04 75.41 53.82 11.47 -57.04 -93.02 15.08 77.24 98.80 74.59 52.78 64.00 18.31 33.31 63.89 -3.84 98.23 
-0.95 -30.21 84.04 25.68 -29.65 70.26 -7.27 -99.82 37.81 13.42 -81.54 -97.92 -30.03 -18.57 -1.03 64.38 20.76 -5.56 -55.59 71.51 
-19.34 75.48 95.58 0.79 47.11 -46.69 -55.90 52.23 20.99 33.76 -26.12 -24.35 -51.96 55.23 -81.84 -2.81 13.45 3.84 -22.82 1.24 
-56.13 21.47 72.01 99.83 40.63 12.28 -76.28 -88.67 -43.60 48.15 82.95 5.41 -48.11 11.47 13.87 36.60 34.59 -71.80 70.80 -73.38 
