12
92.66 29.34 35.20 56.13 85.85 36.67 17.51 -83.46 -32.04 35.17 -93.26 -71.43 
20.62 76.53 90.55 -15.49 81.68 97.93 -29.08 81.13 -85.05 14.92 -82.96 3.55 
90.27 -59.82 13.28 -14.46 72.45 -23.01 15.59 -98.18 81.25 15.43 -7.91 -95.34 
-97.26 -32.95 63.43 -54.51 99.97 -90.21 23.03 -90.67 -17.62 72.96 -66.87 -80.99 
-29.52 -52.43 54.33 -85.44 94.53 -43.03 -9.30 -54.97 -28.56 56.55 -51.35 -6.55 
-14.68 -33.91 -47.22 -47.85 -95.73 -3.24 24.53 -60.49 -85.73 8.18 -58.20 76.44 
-65.27 -17.45 14.68 44.85 91.47 -90.16 80.00 37.19 10.39 -67.68 86.98 -50.66 
-0.07 -2.30 -20.77 5.05 73.30 97.26 58.12 31.10 37.87 -23.14 71.22 -37.81 
30.12 -53.43 26.80 72.75 -5.63 58.53 -18.01 -65.97 93.93 41.66 -95.41 -87.15 
21.95 52.00 -29.26 39.25 -77.48 11.54 89.20 64.71 -30.97 -44.92 66.09 -73.01 
-75.89 -16.17 34.84 20.76 -45.69 46.29 48.33 -64.72 -32.23 -14.70 72.24 -95.98 
10.16 49.23 -31.71 -81.86 0.08 71.78 -76.33 -34.08 47.67 -15.53 41.09 40.78 
